 100
    3  12.47998   2.75895  14.52115   9.68077   4.18209    1
    4  12.47998   2.75895   9.68077   9.68077   0.10000    1
    3  15.89101  27.91310  12.66773   8.44515   3.64831    1
    4  15.89101  27.91310   8.44515   8.44515   0.10000    1
    3  19.61757   2.00527  13.12559   8.75039   3.78017    1
    4  19.61757   2.00527   8.75039   8.75039   0.10000    1
    3  20.13448  11.50247  13.00271   8.66847   3.74478    1
    4  20.13448  11.50247   8.66847   8.66847   0.10000    1
    3  26.54121  15.58249  13.02955   8.68637   3.75251    1
    4  26.54121  15.58249   8.68637   8.68637   0.10000    1
    3   7.13323   7.87359  13.17897   8.78598   3.79554    1
    4   7.13323   7.87359   8.78598   8.78598   0.10000    1
    3  22.60068  27.27624  10.89813   7.26542   3.13866    1
    4  22.60068  27.27624   7.26542   7.26542   0.10000    1
    3   8.18130  26.92969  11.17112   7.44742   3.21728    1
    4   8.18130  26.92969   7.44742   7.44742   0.10000    1
    3   1.03716  29.73112  11.71705   7.81137   3.37451    1
    4   1.03716  29.73112   7.81137   7.81137   0.10000    1
    3   0.23095  10.96016  11.15930   7.43953   3.21388    1
    4   0.23095  10.96016   7.43953   7.43953   0.10000    1
    3  29.59926   8.31245  11.64988   7.76659   3.35517    1
    4  29.59926   8.31245   7.76659   7.76659   0.10000    1
    3  29.47651  22.08674  11.11481   7.40988   3.20107    1
    4  29.47651  22.08674   7.40987   7.40987   0.10000    1
    3  17.66930  20.60318  10.68365   7.12244   3.07689    1
    4  17.66930  20.60318   7.12244   7.12244   0.10000    1
    3  14.03752  12.46184  10.36982   6.91321   2.98651    1
    4  14.03752  12.46184   6.91321   6.91321   0.10000    1
    3   4.42599  17.70326  10.33028   6.88685   2.97512    1
    4   4.42599  17.70326   6.88685   6.88685   0.10000    1
    3  24.09219  21.29459   9.69421   6.46281   2.79193    1
    4  24.09219  21.29459   6.46281   6.46281   0.10000    1
    3  28.42460   0.85126  10.24270   6.82847   2.94990    1
    4  28.42460   0.85126   6.82847   6.82847   0.10000    1
    3   2.34790   4.05997   9.79279   6.52853   2.82032    1
    4   2.34790   4.05997   6.52853   6.52853   0.10000    1
    3   9.64680  20.82071  10.18728   6.79152   2.93394    1
    4   9.64680  20.82071   6.79152   6.79152   0.10000    1
    3  25.08620   4.79273   8.26867   5.51245   2.38138    1
    4  25.08620   4.79273   5.51245   5.51245   0.10000    1
    3   2.30465  22.67567   9.11022   6.07348   2.62374    1
    4   2.30465  22.67567   6.07348   6.07348   0.10000    1
    3  29.77258  29.03169   8.57408   5.71606   2.46934    1
    4  29.77258  29.03169   5.71606   5.71606   0.10000    1
    3   8.47393  14.46146   8.48100   5.65400   2.44253    1
    4   8.47393  14.46146   5.65400   5.65400   0.10000    1
    3   6.67620   0.67385   8.65833   5.77222   2.49360    1
    4   6.67620   0.67385   5.77222   5.77222   0.10000    1
    3  13.51183  17.95946   8.10183   5.40122   2.33333    1
    4  13.51183  17.95946   5.40122   5.40122   0.10000    1
    3  21.32930  17.19068   7.25251   4.83501   2.08872    1
    4  21.32930  17.19068   4.83501   4.83501   0.10000    1
    3  16.65892   6.60657   7.07207   4.71471   2.03676    1
    4  16.65892   6.60657   4.71471   4.71471   0.10000    1
    3   0.04930  16.18450   6.98694   4.65796   2.01224    1
    4   0.04930  16.18450   4.65796   4.65796   0.10000    1
    3  25.13042  10.10593   6.78318   4.52212   1.95356    1
    4  25.13042  10.10593   4.52212   4.52212   0.10000    1
    3  17.36104  15.87400   6.75072   4.50048   1.94421    1
    4  17.36104  15.87400   4.50048   4.50048   0.10000    1
    3   4.70841  12.76419   6.75976   4.50651   1.94681    1
    4   4.70841  12.76419   4.50651   4.50651   0.10000    1
    3  12.11206  25.07410   5.50324   3.66883   1.58493    1
    4  12.11206  25.07410   3.66883   3.66883   0.10000    1
    3  27.44362  25.99220   5.75320   3.83547   1.65692    1
    4  27.44362  25.99220   3.83547   3.83547   0.10000    1
    3   3.87651  26.19140   5.66684   3.77789   1.63205    1
    4   3.87651  26.19140   3.77789   3.77789   0.10000    1
    3  21.91603   6.78423   5.70670   3.80447   1.64353    1
    4  21.91603   6.78423   3.80446   3.80446   0.10000    1
    3  12.64464   8.30574   5.88719   3.92479   1.69551    1
    4  12.64464   8.30574   3.92479   3.92479   0.10000    1
    3  20.13844  24.01962   4.08172   2.72115   1.17553    1
    4  20.13844  24.01962   2.72115   2.72115   0.10000    1
    3   1.40711   0.41035   4.19435   2.79623   1.20797    1
    4   1.40711   0.41035   2.79623   2.79623   0.10000    1
    3  10.44190  11.17797   4.26184   2.84123   1.22741    1
    4  10.44190  11.17797   2.84123   2.84123   0.10000    1
    3  14.61253  23.09878   4.44097   2.96065   1.27900    1
    4  14.61253  23.09878   2.96065   2.96065   0.10000    1
    3  23.99070   0.94432   4.10426   2.73617   1.18203    1
    4  23.99070   0.94432   2.73617   2.73617   0.10000    1
    3  28.68472   4.46211   2.74411   1.82941   0.79030    1
    4  28.68472   4.46211   1.82941   1.82941   0.10000    1
    3  14.89714   9.02341   2.79315   1.86210   0.80443    1
    4  14.89714   9.02341   1.86210   1.86210   0.10000    1
    3   6.08185  22.86094   3.08365   2.05577   0.88809    1
    4   6.08185  22.86094   2.05577   2.05577   0.10000    1
    3  10.01719  17.08171   2.83739   1.89159   0.81717    1
    4  10.01719  17.08171   1.89159   1.89159   0.10000    1
    3   2.93411   7.29876   2.61303   1.74202   0.75255    1
    4   2.93411   7.29876   1.74202   1.74202   0.10000    1
    3   0.34489   7.09885   1.90424   1.26949   0.54842    1
    4   0.34489   7.09885   1.26949   1.26949   0.10000    1
    3  19.01112   5.90700   1.73841   1.15894   0.50066    1
    4  19.01112   5.90700   1.15894   1.15894   0.10000    1
    3  14.65990  19.89900   0.43244   0.28830   0.12454    1
    4  14.65990  19.89900   0.28830   0.28830   0.10000    1
    3  11.96861  28.13918   0.94636   0.63091   0.27255    1
    4  11.96861  28.13918   0.63091   0.63091   0.10000    1
