##---
1 0.3 0.32  : i wavelength min & max
# iz ExtRayleigh absg(1) absg(2) absg(3) wkd(1) wkd(2) wkd(3)
1 1.153158E-04 9.703958E-06 9.703958E-06 9.703958E-06 3.333333E-01 3.333333E-01 3.333333E-01
2 1.049208E-04 9.384094E-06 9.384094E-06 9.384094E-06 3.333333E-01 3.333333E-01 3.333333E-01
3 9.494810E-05 8.849014E-06 8.849014E-06 8.849014E-06 3.333333E-01 3.333333E-01 3.333333E-01
4 8.580169E-05 8.151275E-06 8.151275E-06 8.151275E-06 3.333333E-01 3.333333E-01 3.333333E-01
5 7.393503E-05 7.330908E-06 7.330908E-06 7.330908E-06 3.333333E-01 3.333333E-01 3.333333E-01
6 6.011379E-05 6.500153E-06 6.500153E-06 6.500153E-06 3.333333E-01 3.333333E-01 3.333333E-01
7 4.834724E-05 6.071694E-06 6.071694E-06 6.071694E-06 3.333333E-01 3.333333E-01 3.333333E-01
8 3.840711E-05 6.291503E-06 6.291503E-06 6.291503E-06 3.333333E-01 3.333333E-01 3.333333E-01
9 2.648487E-05 6.948984E-06 6.948984E-06 6.948984E-06 3.333333E-01 3.333333E-01 3.333333E-01
10 1.433333E-05 2.566901E-05 2.566901E-05 2.566901E-05 3.333333E-01 3.333333E-01 3.333333E-01
11 4.784266E-06 5.522785E-05 5.522785E-05 5.522785E-05 3.333333E-01 3.333333E-01 3.333333E-01
12 6.276604E-07 7.041253E-06 7.041253E-06 7.041253E-06 3.333333E-01 3.333333E-01 3.333333E-01
##---
2 0.32 0.34  : i wavelength min & max
# iz ExtRayleigh absg(1) absg(2) absg(3) wkd(1) wkd(2) wkd(3)
1 8.837097E-05 6.381129E-07 6.381129E-07 6.381129E-07 3.333333E-01 3.333333E-01 3.333333E-01
2 8.040487E-05 6.054939E-07 6.054939E-07 6.054939E-07 3.333333E-01 3.333333E-01 3.333333E-01
3 7.276238E-05 5.620604E-07 5.620604E-07 5.620604E-07 3.333333E-01 3.333333E-01 3.333333E-01
4 6.575314E-05 5.091653E-07 5.091653E-07 5.091653E-07 3.333333E-01 3.333333E-01 3.333333E-01
5 5.665926E-05 4.440101E-07 4.440101E-07 4.440101E-07 3.333333E-01 3.333333E-01 3.333333E-01
6 4.606752E-05 3.785223E-07 3.785223E-07 3.785223E-07 3.333333E-01 3.333333E-01 3.333333E-01
7 3.705035E-05 3.409798E-07 3.409798E-07 3.409798E-07 3.333333E-01 3.333333E-01 3.333333E-01
8 2.943285E-05 3.420799E-07 3.420799E-07 3.420799E-07 3.333333E-01 3.333333E-01 3.333333E-01
9 2.029637E-05 3.636485E-07 3.636485E-07 3.636485E-07 3.333333E-01 3.333333E-01 3.333333E-01
10 1.098418E-05 1.327664E-06 1.327664E-06 1.327664E-06 3.333333E-01 3.333333E-01 3.333333E-01
11 3.666367E-06 2.936406E-06 2.936406E-06 2.936406E-06 3.333333E-01 3.333333E-01 3.333333E-01
12 4.810004E-07 4.035398E-07 4.035398E-07 4.035398E-07 3.333333E-01 3.333333E-01 3.333333E-01
##---
3 0.34 0.36  : i wavelength min & max
# iz ExtRayleigh absg(1) absg(2) absg(3) wkd(1) wkd(2) wkd(3)
1 6.892646E-05 3.246728E-08 3.246728E-08 3.246728E-08 3.333333E-01 3.333333E-01 3.333333E-01
2 6.271316E-05 2.993011E-08 2.993011E-08 2.993011E-08 3.333333E-01 3.333333E-01 3.333333E-01
3 5.675228E-05 2.710362E-08 2.710362E-08 2.710362E-08 3.333333E-01 3.333333E-01 3.333333E-01
4 5.128529E-05 2.389626E-08 2.389626E-08 2.389626E-08 3.333333E-01 3.333333E-01 3.333333E-01
5 4.419237E-05 1.977695E-08 1.977695E-08 1.977695E-08 3.333333E-01 3.333333E-01 3.333333E-01
6 3.593115E-05 1.570887E-08 1.570887E-08 1.570887E-08 3.333333E-01 3.333333E-01 3.333333E-01
7 2.889806E-05 1.320968E-08 1.320968E-08 1.320968E-08 3.333333E-01 3.333333E-01 3.333333E-01
8 2.295666E-05 1.244672E-08 1.244672E-08 1.244672E-08 3.333333E-01 3.333333E-01 3.333333E-01
9 1.583050E-05 1.235255E-08 1.235255E-08 1.235255E-08 3.333333E-01 3.333333E-01 3.333333E-01
10 8.567303E-06 4.440617E-08 4.440617E-08 4.440617E-08 3.333333E-01 3.333333E-01 3.333333E-01
11 2.859646E-06 1.024507E-07 1.024507E-07 1.024507E-07 3.333333E-01 3.333333E-01 3.333333E-01
12 3.751645E-07 1.625319E-08 1.625319E-08 1.625319E-08 3.333333E-01 3.333333E-01 3.333333E-01
##---
4 0.36 0.38  : i wavelength min & max
# iz ExtRayleigh absg(1) absg(2) absg(3) wkd(1) wkd(2) wkd(3)
1 5.458999E-05 3.657838E-10 3.657838E-10 3.657838E-10 3.333333E-01 3.333333E-01 3.333333E-01
2 4.966904E-05 3.554022E-10 3.554022E-10 3.554022E-10 3.333333E-01 3.333333E-01 3.333333E-01
3 4.494800E-05 3.364960E-10 3.364960E-10 3.364960E-10 3.333333E-01 3.333333E-01 3.333333E-01
4 4.061813E-05 3.113415E-10 3.113415E-10 3.113415E-10 3.333333E-01 3.333333E-01 3.333333E-01
5 3.500051E-05 2.824296E-10 2.824296E-10 2.824296E-10 3.333333E-01 3.333333E-01 3.333333E-01
6 2.845760E-05 2.534373E-10 2.534373E-10 2.534373E-10 3.333333E-01 3.333333E-01 3.333333E-01
7 2.288737E-05 2.396903E-10 2.396903E-10 2.396903E-10 3.333333E-01 3.333333E-01 3.333333E-01
8 1.818175E-05 2.515825E-10 2.515825E-10 2.515825E-10 3.333333E-01 3.333333E-01 3.333333E-01
9 1.253781E-05 2.834094E-10 2.834094E-10 2.834094E-10 3.333333E-01 3.333333E-01 3.333333E-01
10 6.785334E-06 1.055724E-09 1.055724E-09 1.055724E-09 3.333333E-01 3.333333E-01 3.333333E-01
11 2.264850E-06 2.231982E-09 2.231982E-09 2.231982E-09 3.333333E-01 3.333333E-01 3.333333E-01
12 2.971316E-07 2.759842E-10 2.759842E-10 2.759842E-10 3.333333E-01 3.333333E-01 3.333333E-01
##---
5 0.38 0.4  : i wavelength min & max
# iz ExtRayleigh absg(1) absg(2) absg(3) wkd(1) wkd(2) wkd(3)
1 4.382084E-05 4.170287E-16 4.170287E-16 4.170287E-16 3.333334E-01 3.333334E-01 3.333334E-01
2 3.987067E-05 2.661635E-16 2.661635E-16 2.661635E-16 3.333334E-01 3.333334E-01 3.333334E-01
3 3.608096E-05 1.506345E-16 1.506345E-16 1.506345E-16 3.333334E-01 3.333334E-01 3.333334E-01
4 3.260526E-05 6.737910E-17 6.737910E-17 6.737910E-17 3.333334E-01 3.333334E-01 3.333334E-01
5 2.809584E-05 2.510209E-17 2.510209E-17 2.510209E-17 3.333334E-01 3.333334E-01 3.333334E-01
6 2.284367E-05 7.277148E-18 7.277148E-18 7.277148E-18 3.333334E-01 3.333334E-01 3.333334E-01
7 1.837230E-05 1.569713E-18 1.569713E-18 1.569713E-18 3.333334E-01 3.333334E-01 3.333334E-01
8 1.459498E-05 2.284390E-19 2.284390E-19 2.284390E-19 3.333334E-01 3.333334E-01 3.333334E-01
9 1.006444E-05 1.547352E-20 1.547352E-20 1.547352E-20 3.333334E-01 3.333334E-01 3.333334E-01
10 5.446769E-06 7.784760E-22 7.784760E-22 7.784760E-22 3.333334E-01 3.333334E-01 3.333334E-01
11 1.818055E-06 8.527585E-23 8.527585E-23 8.527585E-23 3.333334E-01 3.333334E-01 3.333334E-01
12 2.385155E-07 1.490553E-24 1.490553E-24 1.490553E-24 3.333334E-01 3.333334E-01 3.333334E-01
##---
6 0.4 0.42  : i wavelength min & max
# iz ExtRayleigh absg(1) absg(2) absg(3) wkd(1) wkd(2) wkd(3)
1 3.559794E-05 1.154260E-10 1.154260E-10 1.154260E-10 3.333334E-01 3.333334E-01 3.333334E-01
2 3.238901E-05 1.132715E-10 1.132715E-10 1.132715E-10 3.333334E-01 3.333334E-01 3.333334E-01
3 2.931043E-05 1.080888E-10 1.080888E-10 1.080888E-10 3.333334E-01 3.333334E-01 3.333334E-01
4 2.648694E-05 1.008018E-10 1.008018E-10 1.008018E-10 3.333334E-01 3.333334E-01 3.333334E-01
5 2.282371E-05 9.268004E-11 9.268004E-11 9.268004E-11 3.333334E-01 3.333334E-01 3.333334E-01
6 1.855710E-05 8.442104E-11 8.442104E-11 8.442104E-11 3.333334E-01 3.333334E-01 3.333334E-01
7 1.492477E-05 8.076437E-11 8.076437E-11 8.076437E-11 3.333334E-01 3.333334E-01 3.333334E-01
8 1.185626E-05 8.544922E-11 8.544922E-11 8.544922E-11 3.333334E-01 3.333334E-01 3.333334E-01
9 8.175864E-06 9.674755E-11 9.674755E-11 9.674755E-11 3.333334E-01 3.333334E-01 3.333334E-01
10 4.424693E-06 3.602609E-10 3.602609E-10 3.602609E-10 3.333334E-01 3.333334E-01 3.333334E-01
11 1.476900E-06 7.609456E-10 7.609456E-10 7.609456E-10 3.333334E-01 3.333334E-01 3.333334E-01
12 1.937585E-07 9.242475E-11 9.242475E-11 9.242475E-11 3.333334E-01 3.333334E-01 3.333334E-01
##---
7 0.42 0.44  : i wavelength min & max
# iz ExtRayleigh absg(1) absg(2) absg(3) wkd(1) wkd(2) wkd(3)
1 2.922756E-05 2.101196E-09 2.101196E-09 2.101196E-09 3.333334E-01 3.333334E-01 3.333334E-01
2 2.659287E-05 2.061987E-09 2.061987E-09 2.061987E-09 3.333334E-01 3.333334E-01 3.333334E-01
3 2.406522E-05 1.967648E-09 1.967648E-09 1.967648E-09 3.333334E-01 3.333334E-01 3.333334E-01
4 2.174700E-05 1.834999E-09 1.834999E-09 1.834999E-09 3.333334E-01 3.333334E-01 3.333334E-01
5 1.873932E-05 1.687153E-09 1.687153E-09 1.687153E-09 3.333334E-01 3.333334E-01 3.333334E-01
6 1.523624E-05 1.536807E-09 1.536807E-09 1.536807E-09 3.333334E-01 3.333334E-01 3.333334E-01
7 1.225393E-05 1.470241E-09 1.470241E-09 1.470241E-09 3.333334E-01 3.333334E-01 3.333334E-01
8 9.734536E-06 1.555525E-09 1.555525E-09 1.555525E-09 3.333334E-01 3.333334E-01 3.333334E-01
9 6.712763E-06 1.761200E-09 1.761200E-09 1.761200E-09 3.333334E-01 3.333334E-01 3.333334E-01
10 3.632877E-06 6.558218E-09 6.558218E-09 6.558218E-09 3.333334E-01 3.333334E-01 3.333334E-01
11 1.212604E-06 1.385232E-08 1.385232E-08 1.385232E-08 3.333334E-01 3.333334E-01 3.333334E-01
12 1.590847E-07 1.682508E-09 1.682508E-09 1.682508E-09 3.333334E-01 3.333334E-01 3.333334E-01
##---
8 0.44 0.46  : i wavelength min & max
# iz ExtRayleigh absg(1) absg(2) absg(3) wkd(1) wkd(2) wkd(3)
1 2.422799E-05 9.518310E-09 9.518310E-09 9.518310E-09 3.333334E-01 3.333334E-01 3.333334E-01
2 2.204399E-05 9.340696E-09 9.340696E-09 9.340696E-09 3.333334E-01 3.333334E-01 3.333334E-01
3 1.994870E-05 8.913349E-09 8.913349E-09 8.913349E-09 3.333334E-01 3.333334E-01 3.333334E-01
4 1.802703E-05 8.312458E-09 8.312458E-09 8.312458E-09 3.333334E-01 3.333334E-01 3.333334E-01
5 1.553383E-05 7.642725E-09 7.642725E-09 7.642725E-09 3.333334E-01 3.333334E-01 3.333334E-01
6 1.262998E-05 6.961663E-09 6.961663E-09 6.961663E-09 3.333334E-01 3.333334E-01 3.333334E-01
7 1.015781E-05 6.660122E-09 6.660122E-09 6.660122E-09 3.333334E-01 3.333334E-01 3.333334E-01
8 8.069379E-06 7.046452E-09 7.046452E-09 7.046452E-09 3.333334E-01 3.333334E-01 3.333334E-01
9 5.564501E-06 7.978153E-09 7.978153E-09 7.978153E-09 3.333334E-01 3.333334E-01 3.333334E-01
10 3.011450E-06 2.970842E-08 2.970842E-08 2.970842E-08 3.333334E-01 3.333334E-01 3.333334E-01
11 1.005180E-06 6.275034E-08 6.275034E-08 6.275034E-08 3.333334E-01 3.333334E-01 3.333334E-01
12 1.318722E-07 7.621679E-09 7.621679E-09 7.621679E-09 3.333334E-01 3.333334E-01 3.333334E-01
##---
9 0.46 0.48  : i wavelength min & max
# iz ExtRayleigh absg(1) absg(2) absg(3) wkd(1) wkd(2) wkd(3)
1 2.025829E-05 2.367291E-08 2.367291E-08 2.367291E-08 3.333334E-01 3.333334E-01 3.333334E-01
2 1.843213E-05 2.323116E-08 2.323116E-08 2.323116E-08 3.333334E-01 3.333334E-01 3.333334E-01
3 1.668015E-05 2.216830E-08 2.216830E-08 2.216830E-08 3.333334E-01 3.333334E-01 3.333334E-01
4 1.507334E-05 2.067383E-08 2.067383E-08 2.067383E-08 3.333334E-01 3.333334E-01 3.333334E-01
5 1.298865E-05 1.900814E-08 1.900814E-08 1.900814E-08 3.333334E-01 3.333334E-01 3.333334E-01
6 1.056058E-05 1.731428E-08 1.731428E-08 1.731428E-08 3.333334E-01 3.333334E-01 3.333334E-01
7 8.493477E-06 1.656432E-08 1.656432E-08 1.656432E-08 3.333334E-01 3.333334E-01 3.333334E-01
8 6.747229E-06 1.752516E-08 1.752516E-08 1.752516E-08 3.333334E-01 3.333334E-01 3.333334E-01
9 4.652770E-06 1.984239E-08 1.984239E-08 1.984239E-08 3.333334E-01 3.333334E-01 3.333334E-01
10 2.518030E-06 7.388749E-08 7.388749E-08 7.388749E-08 3.333334E-01 3.333334E-01 3.333334E-01
11 8.404833E-07 1.560657E-07 1.560657E-07 1.560657E-07 3.333334E-01 3.333334E-01 3.333334E-01
12 1.102652E-07 1.895580E-08 1.895580E-08 1.895580E-08 3.333334E-01 3.333334E-01 3.333334E-01
##---
10 0.48 0.5  : i wavelength min & max
# iz ExtRayleigh absg(1) absg(2) absg(3) wkd(1) wkd(2) wkd(3)
1 1.707290E-05 5.276578E-08 5.276578E-08 5.276578E-08 3.333334E-01 3.333334E-01 3.333334E-01
2 1.553389E-05 5.178111E-08 5.178111E-08 5.178111E-08 3.333334E-01 3.333334E-01 3.333334E-01
3 1.405739E-05 4.941205E-08 4.941205E-08 4.941205E-08 3.333334E-01 3.333334E-01 3.333334E-01
4 1.270323E-05 4.608093E-08 4.608093E-08 4.608093E-08 3.333334E-01 3.333334E-01 3.333334E-01
5 1.094633E-05 4.236818E-08 4.236818E-08 4.236818E-08 3.333334E-01 3.333334E-01 3.333334E-01
6 8.900052E-06 3.859265E-08 3.859265E-08 3.859265E-08 3.333334E-01 3.333334E-01 3.333334E-01
7 7.157975E-06 3.692102E-08 3.692102E-08 3.692102E-08 3.333334E-01 3.333334E-01 3.333334E-01
8 5.686305E-06 3.906268E-08 3.906268E-08 3.906268E-08 3.333334E-01 3.333334E-01 3.333334E-01
9 3.921175E-06 4.422766E-08 4.422766E-08 4.422766E-08 3.333334E-01 3.333334E-01 3.333334E-01
10 2.122099E-06 1.646914E-07 1.646914E-07 1.646914E-07 3.333334E-01 3.333334E-01 3.333334E-01
11 7.083270E-07 3.478625E-07 3.478625E-07 3.478625E-07 3.333334E-01 3.333334E-01 3.333334E-01
12 9.292727E-08 4.225151E-08 4.225151E-08 4.225151E-08 3.333334E-01 3.333334E-01 3.333334E-01
##---
11 0.5 0.52  : i wavelength min & max
# iz ExtRayleigh absg(1) absg(2) absg(3) wkd(1) wkd(2) wkd(3)
1 1.449225E-05 1.015187E-07 1.015187E-07 1.015187E-07 3.333334E-01 3.333334E-01 3.333334E-01
2 1.318586E-05 9.962410E-08 9.962410E-08 9.962410E-08 3.333334E-01 3.333334E-01 3.333334E-01
3 1.193255E-05 9.506603E-08 9.506603E-08 9.506603E-08 3.333334E-01 3.333334E-01 3.333334E-01
4 1.078308E-05 8.865708E-08 8.865708E-08 8.865708E-08 3.333334E-01 3.333334E-01 3.333334E-01
5 9.291742E-06 8.151392E-08 8.151392E-08 8.151392E-08 3.333334E-01 3.333334E-01 3.333334E-01
6 7.554766E-06 7.425000E-08 7.425000E-08 7.425000E-08 3.333334E-01 3.333334E-01 3.333334E-01
7 6.076012E-06 7.103391E-08 7.103391E-08 7.103391E-08 3.333334E-01 3.333334E-01 3.333334E-01
8 4.826792E-06 7.515433E-08 7.515433E-08 7.515433E-08 3.333334E-01 3.333334E-01 3.333334E-01
9 3.328470E-06 8.509146E-08 8.509146E-08 8.509146E-08 3.333334E-01 3.333334E-01 3.333334E-01
10 1.801333E-06 3.168568E-07 3.168568E-07 3.168568E-07 3.333334E-01 3.333334E-01 3.333334E-01
11 6.012598E-07 6.692674E-07 6.692674E-07 6.692674E-07 3.333334E-01 3.333334E-01 3.333334E-01
12 7.888087E-08 8.128946E-08 8.128946E-08 8.128946E-08 3.333334E-01 3.333334E-01 3.333334E-01
##---
12 0.52 0.54  : i wavelength min & max
# iz ExtRayleigh absg(1) absg(2) absg(3) wkd(1) wkd(2) wkd(3)
1 1.238312E-05 1.601136E-07 1.601136E-07 1.601136E-07 3.333334E-01 3.333334E-01 3.333334E-01
2 1.126686E-05 1.571247E-07 1.571247E-07 1.571247E-07 3.333334E-01 3.333334E-01 3.333334E-01
3 1.019594E-05 1.499353E-07 1.499353E-07 1.499353E-07 3.333334E-01 3.333334E-01 3.333334E-01
4 9.213761E-06 1.398269E-07 1.398269E-07 1.398269E-07 3.333334E-01 3.333334E-01 3.333334E-01
5 7.939467E-06 1.285609E-07 1.285609E-07 1.285609E-07 3.333334E-01 3.333334E-01 3.333334E-01
6 6.455282E-06 1.171045E-07 1.171045E-07 1.171045E-07 3.333334E-01 3.333334E-01 3.333334E-01
7 5.191738E-06 1.120321E-07 1.120321E-07 1.120321E-07 3.333334E-01 3.333334E-01 3.333334E-01
8 4.124324E-06 1.185307E-07 1.185307E-07 1.185307E-07 3.333334E-01 3.333334E-01 3.333334E-01
9 2.844061E-06 1.342031E-07 1.342031E-07 1.342031E-07 3.333334E-01 3.333334E-01 3.333334E-01
10 1.539176E-06 4.997351E-07 4.997351E-07 4.997351E-07 3.333334E-01 3.333334E-01 3.333334E-01
11 5.137554E-07 1.055544E-06 1.055544E-06 1.055544E-06 3.333334E-01 3.333334E-01 3.333334E-01
12 6.740092E-08 1.282068E-07 1.282068E-07 1.282068E-07 3.333334E-01 3.333334E-01 3.333334E-01
##---
13 0.54 0.56  : i wavelength min & max
# iz ExtRayleigh absg(1) absg(2) absg(3) wkd(1) wkd(2) wkd(3)
1 1.064543E-05 2.218218E-07 2.218218E-07 2.218218E-07 3.333334E-01 3.333334E-01 3.333334E-01
2 9.685810E-06 2.176465E-07 2.176465E-07 2.176465E-07 3.333334E-01 3.333334E-01 3.333334E-01
3 8.765174E-06 2.076642E-07 2.076642E-07 2.076642E-07 3.333334E-01 3.333334E-01 3.333334E-01
4 7.920819E-06 1.936495E-07 1.936495E-07 1.936495E-07 3.333334E-01 3.333334E-01 3.333334E-01
5 6.825344E-06 1.780414E-07 1.780414E-07 1.780414E-07 3.333334E-01 3.333334E-01 3.333334E-01
6 5.549431E-06 1.621737E-07 1.621737E-07 1.621737E-07 3.333334E-01 3.333334E-01 3.333334E-01
7 4.463197E-06 1.551486E-07 1.551486E-07 1.551486E-07 3.333334E-01 3.333334E-01 3.333334E-01
8 3.545569E-06 1.641481E-07 1.641481E-07 1.641481E-07 3.333334E-01 3.333334E-01 3.333334E-01
9 2.444962E-06 1.858522E-07 1.858522E-07 1.858522E-07 3.333334E-01 3.333334E-01 3.333334E-01
10 1.323188E-06 6.920616E-07 6.920616E-07 6.920616E-07 3.333334E-01 3.333334E-01 3.333334E-01
11 4.416615E-07 1.461778E-06 1.461778E-06 1.461778E-06 3.333334E-01 3.333334E-01 3.333334E-01
12 5.794274E-08 1.775481E-07 1.775481E-07 1.775481E-07 3.333334E-01 3.333334E-01 3.333334E-01
##---
14 0.56 0.58  : i wavelength min & max
# iz ExtRayleigh absg(1) absg(2) absg(3) wkd(1) wkd(2) wkd(3)
1 9.203130E-06 2.022968E-05 2.145954E-06 6.555367E-07 8.654901E-02 3.228980E-01 5.905531E-01
2 8.373524E-06 1.330557E-05 1.496050E-06 5.227369E-07 8.654901E-02 3.228979E-01 5.905531E-01
3 7.577621E-06 7.828592E-06 9.749695E-07 4.101102E-07 8.654901E-02 3.228980E-01 5.905531E-01
4 6.847663E-06 3.721764E-06 5.773940E-07 3.182425E-07 8.654901E-02 3.228980E-01 5.905531E-01
5 5.900609E-06 1.581353E-06 3.606384E-07 2.600299E-07 8.654901E-02 3.228979E-01 5.905532E-01
6 4.797563E-06 6.291449E-07 2.536196E-07 2.226696E-07 8.654901E-02 3.228979E-01 5.905531E-01
7 3.858498E-06 3.012606E-07 2.149478E-07 2.078340E-07 8.654901E-02 3.228980E-01 5.905532E-01
8 3.065196E-06 2.329738E-07 2.195329E-07 2.184251E-07 8.654901E-02 3.228980E-01 5.905530E-01
9 2.113705E-06 2.481449E-07 2.471253E-07 2.470412E-07 8.654901E-02 3.228980E-01 5.905531E-01
10 1.143915E-06 9.199118E-07 9.198494E-07 9.198438E-07 8.654901E-02 3.228979E-01 5.905532E-01
11 3.818228E-07 1.942910E-06 1.942900E-06 1.942899E-06 8.654901E-02 3.228980E-01 5.905532E-01
12 5.009234E-08 2.359857E-07 2.359853E-07 2.359852E-07 8.654901E-02 3.228980E-01 5.905531E-01
##---
15 0.58 0.6  : i wavelength min & max
# iz ExtRayleigh absg(1) absg(2) absg(3) wkd(1) wkd(2) wkd(3)
1 7.997764E-06 1.487030E-04 1.403914E-05 2.940472E-06 8.654901E-02 3.228979E-01 5.905531E-01
2 7.276815E-06 9.719381E-05 9.251989E-06 2.004036E-06 8.654901E-02 3.228980E-01 5.905532E-01
3 6.585154E-06 5.650622E-05 5.469447E-06 1.263118E-06 8.654901E-02 3.228980E-01 5.905532E-01
4 5.950802E-06 2.605225E-05 2.637108E-06 7.072874E-07 8.654901E-02 3.228980E-01 5.905532E-01
5 5.127786E-06 1.025072E-05 1.160440E-06 4.112404E-07 8.654901E-02 3.228980E-01 5.905532E-01
6 4.169210E-06 3.297234E-06 5.008151E-07 2.703408E-07 8.654901E-02 3.228980E-01 5.905532E-01
7 3.353138E-06 9.161645E-07 2.734199E-07 2.204463E-07 8.654901E-02 3.228980E-01 5.905531E-01
8 2.663737E-06 3.307888E-07 2.306981E-07 2.224489E-07 8.654901E-02 3.228980E-01 5.905531E-01
9 1.836866E-06 2.581307E-07 2.505377E-07 2.499119E-07 8.654901E-02 3.228980E-01 5.905530E-01
10 9.940925E-07 9.306012E-07 9.301341E-07 9.300953E-07 8.654901E-02 3.228980E-01 5.905532E-01
11 3.318142E-07 1.964621E-06 1.964545E-06 1.964538E-06 8.654901E-02 3.228980E-01 5.905531E-01
12 4.353158E-08 2.386165E-07 2.386137E-07 2.386134E-07 8.654901E-02 3.228980E-01 5.905531E-01
##---
16 0.6 0.62  : i wavelength min & max
# iz ExtRayleigh absg(1) absg(2) absg(3) wkd(1) wkd(2) wkd(3)
1 6.983993E-06 1.361265E-06 5.174638E-07 3.695544E-07 1.790931E-01 3.268113E-01 4.940957E-01
2 6.354429E-06 9.867225E-07 4.387226E-07 3.433794E-07 1.790931E-01 3.268113E-01 4.940957E-01
3 5.750441E-06 6.820605E-07 3.675927E-07 3.137227E-07 1.790931E-01 3.268113E-01 4.940957E-01
4 5.196497E-06 4.453886E-07 3.055705E-07 2.826848E-07 1.790931E-01 3.268113E-01 4.940957E-01
5 4.477804E-06 3.114877E-07 2.619324E-07 2.549873E-07 1.790931E-01 3.268113E-01 4.940957E-01
6 3.640734E-06 2.405406E-07 2.302520E-07 2.301497E-07 1.790931E-01 3.268113E-01 4.940957E-01
7 2.928105E-06 2.141217E-07 2.172038E-07 2.194162E-07 1.790931E-01 3.268113E-01 4.940957E-01
8 2.326090E-06 2.219787E-07 2.289293E-07 2.319298E-07 1.790931E-01 3.268113E-01 4.940957E-01
9 1.604030E-06 2.504976E-07 2.590402E-07 2.625578E-07 1.790931E-01 3.268113E-01 4.940957E-01
10 8.680845E-07 9.325648E-07 9.645515E-07 9.776822E-07 1.790931E-01 3.268113E-01 4.940957E-01
11 2.897545E-07 1.969763E-06 2.037332E-06 2.065068E-06 1.790931E-01 3.268113E-01 4.940957E-01
12 3.801365E-08 2.392481E-07 2.474550E-07 2.508239E-07 1.790931E-01 3.268113E-01 4.940957E-01
##---
17 0.62 0.64  : i wavelength min & max
# iz ExtRayleigh absg(1) absg(2) absg(3) wkd(1) wkd(2) wkd(3)
1 6.126310E-06 7.381461E-06 1.126254E-06 4.337835E-07 1.261375E-01 3.291244E-01 5.447381E-01
2 5.574061E-06 4.977656E-06 8.196503E-07 3.622331E-07 1.266481E-01 3.292907E-01 5.440612E-01
3 5.044246E-06 3.080865E-06 5.720698E-07 2.994068E-07 1.275333E-01 3.295789E-01 5.428877E-01
4 4.558331E-06 1.657074E-06 3.806955E-07 2.460523E-07 1.293883E-01 3.301830E-01 5.404287E-01
5 3.927898E-06 8.648633E-07 2.691035E-07 2.090747E-07 1.319610E-01 3.310207E-01 5.370182E-01
6 3.193627E-06 4.649206E-07 2.071454E-07 1.826275E-07 1.355697E-01 3.321958E-01 5.322345E-01
7 2.568513E-06 2.994386E-07 1.822760E-07 1.715696E-07 1.409422E-01 3.339452E-01 5.251126E-01
8 2.040430E-06 2.467478E-07 1.861785E-07 1.803109E-07 1.475600E-01 3.361001E-01 5.163398E-01
9 1.407044E-06 2.347419E-07 2.070607E-07 2.036120E-07 1.538050E-01 3.381337E-01 5.080613E-01
10 7.614776E-07 7.880520E-07 7.638939E-07 7.573861E-07 1.574001E-01 3.393043E-01 5.032957E-01
11 2.541706E-07 1.651262E-06 1.612399E-06 1.599430E-06 1.564961E-01 3.390099E-01 5.044940E-01
12 3.334531E-08 2.006657E-07 1.958526E-07 1.942307E-07 1.541712E-01 3.382529E-01 5.075758E-01
##---
18 0.64 0.66  : i wavelength min & max
# iz ExtRayleigh absg(1) absg(2) absg(3) wkd(1) wkd(2) wkd(3)
1 5.396667E-06 9.058358E-05 8.598841E-06 1.841856E-06 9.134101E-02 3.275260E-01 5.811329E-01
2 4.910191E-06 5.893465E-05 5.636844E-06 1.244168E-06 9.134101E-02 3.275260E-01 5.811329E-01
3 4.443477E-06 3.412850E-05 3.315228E-06 7.756734E-07 9.134101E-02 3.275261E-01 5.811329E-01
4 4.015435E-06 1.566540E-05 1.587472E-06 4.272037E-07 9.134101E-02 3.275260E-01 5.811329E-01
5 3.460086E-06 6.110960E-06 6.898159E-07 2.430181E-07 9.134101E-02 3.275260E-01 5.811329E-01
6 2.813266E-06 1.941554E-06 2.925565E-07 1.566502E-07 9.134101E-02 3.275260E-01 5.811329E-01
7 2.262603E-06 5.319173E-07 1.573594E-07 1.264893E-07 9.134101E-02 3.275260E-01 5.811329E-01
8 1.797415E-06 1.896634E-07 1.320627E-07 1.273154E-07 9.134100E-02 3.275260E-01 5.811329E-01
9 1.239466E-06 1.476234E-07 1.433411E-07 1.429882E-07 9.134101E-02 3.275260E-01 5.811329E-01
10 6.707858E-07 5.324358E-07 5.321746E-07 5.321531E-07 9.134101E-02 3.275260E-01 5.811329E-01
11 2.238989E-07 1.124056E-06 1.124012E-06 1.124009E-06 9.134101E-02 3.275260E-01 5.811329E-01
12 2.937389E-08 1.365242E-07 1.365225E-07 1.365224E-07 9.134101E-02 3.275260E-01 5.811329E-01
##---
19 0.66 0.68  : i wavelength min & max
# iz ExtRayleigh absg(1) absg(2) absg(3) wkd(1) wkd(2) wkd(3)
1 4.772745E-06 1.789038E-06 2.955096E-07 1.594436E-07 1.051817E-01 3.364442E-01 5.583740E-01
2 4.342511E-06 1.200092E-06 2.297563E-07 1.416566E-07 1.051817E-01 3.364442E-01 5.583740E-01
3 3.929755E-06 7.353418E-07 1.750186E-07 1.244928E-07 1.051817E-01 3.364442E-01 5.583740E-01
4 3.551200E-06 3.863454E-07 1.311417E-07 1.085599E-07 1.051817E-01 3.364442E-01 5.583740E-01
5 3.060057E-06 2.016797E-07 1.042419E-07 9.607722E-08 1.051817E-01 3.364442E-01 5.583740E-01
6 2.488017E-06 1.166177E-07 8.785024E-08 8.592264E-08 1.051817E-01 3.364442E-01 5.583740E-01
7 2.001018E-06 8.704204E-08 8.146017E-08 8.163166E-08 1.051817E-01 3.364442E-01 5.583740E-01
8 1.589611E-06 8.519000E-08 8.546051E-08 8.620949E-08 1.051817E-01 3.364442E-01 5.583740E-01
9 1.096168E-06 9.521293E-08 9.663030E-08 9.758043E-08 1.051817E-01 3.364442E-01 5.583740E-01
10 5.932345E-07 3.542270E-07 3.597909E-07 3.633553E-07 1.051817E-01 3.364442E-01 5.583740E-01
11 1.980134E-07 7.481907E-07 7.599521E-07 7.674814E-07 1.051817E-01 3.364442E-01 5.583740E-01
12 2.597790E-08 9.087543E-08 9.230406E-08 9.321858E-08 1.051817E-01 3.364442E-01 5.583740E-01
##---
20 0.68 0.7  : i wavelength min & max
# iz ExtRayleigh absg(1) absg(2) absg(3) wkd(1) wkd(2) wkd(3)
1 4.236640E-06 1.354682E-04 1.303875E-05 2.706719E-06 1.428001E-01 3.532946E-01 5.039054E-01
2 3.854732E-06 9.253778E-05 8.797811E-06 1.814459E-06 1.431375E-01 3.533158E-01 5.035468E-01
3 3.488340E-06 5.921939E-05 5.516652E-06 1.127941E-06 1.435940E-01 3.533444E-01 5.030617E-01
4 3.152306E-06 3.456284E-05 3.101117E-06 6.275370E-07 1.443068E-01 3.533892E-01 5.023040E-01
5 2.716332E-06 1.926921E-05 1.666397E-06 3.414974E-07 1.450843E-01 3.534380E-01 5.014778E-01
6 2.208547E-06 1.023191E-05 8.655976E-07 1.885990E-07 1.459524E-01 3.534925E-01 5.005552E-01
7 1.776251E-06 5.693018E-06 4.858502E-07 1.201236E-07 1.469857E-01 3.535573E-01 4.994570E-01
8 1.411056E-06 3.303378E-06 3.016237E-07 9.230882E-08 1.485299E-01 3.536543E-01 4.978158E-01
9 9.730392E-07 1.463218E-06 1.688046E-07 7.742956E-08 1.512131E-01 3.538227E-01 4.949642E-01
10 5.265986E-07 6.237208E-07 2.562119E-07 2.300957E-07 1.539342E-01 3.539936E-01 4.920722E-01
11 1.757713E-07 5.158707E-07 4.781745E-07 4.760096E-07 1.534423E-01 3.539627E-01 4.925950E-01
12 2.305989E-08 5.813895E-08 5.772243E-08 5.774282E-08 1.523324E-01 3.538930E-01 4.937746E-01
##---
21 0.7 0.8  : i wavelength min & max
# iz ExtRayleigh absg(1) absg(2) absg(3) wkd(1) wkd(2) wkd(3)
1 3.050434E-06 4.220159E-04 3.894198E-05 7.560808E-06 1.449332E-01 3.543456E-01 5.007212E-01
2 2.775456E-06 2.983396E-04 2.699574E-05 5.145454E-06 1.449673E-01 3.543428E-01 5.006898E-01
3 2.511649E-06 2.012867E-04 1.768480E-05 3.279948E-06 1.450159E-01 3.543387E-01 5.006453E-01
4 2.269700E-06 1.284269E-04 1.076020E-05 1.911567E-06 1.450941E-01 3.543318E-01 5.005741E-01
5 1.955793E-06 7.821950E-05 6.269750E-06 1.070961E-06 1.451786E-01 3.543240E-01 5.004972E-01
6 1.590182E-06 4.475959E-05 3.465756E-06 5.757665E-07 1.452755E-01 3.543150E-01 5.004094E-01
7 1.278923E-06 2.625497E-05 1.990225E-06 3.275974E-07 1.453917E-01 3.543040E-01 5.003042E-01
8 1.015978E-06 1.563600E-05 1.179556E-06 1.982227E-07 1.454904E-01 3.542946E-01 5.002149E-01
9 7.006005E-07 6.923523E-06 5.315130E-07 9.883124E-08 1.455684E-01 3.542872E-01 5.001444E-01
10 3.791577E-07 2.068498E-06 2.181897E-07 9.442232E-08 1.456893E-01 3.542757E-01 5.000350E-01
11 1.265575E-07 3.502054E-07 1.622688E-07 1.530557E-07 1.456608E-01 3.542784E-01 5.000608E-01
12 1.660342E-08 1.969267E-08 1.801154E-08 1.832472E-08 1.456048E-01 3.542837E-01 5.001115E-01
##---
22 0.8 0.9  : i wavelength min & max
# iz ExtRayleigh absg(1) absg(2) absg(3) wkd(1) wkd(2) wkd(3)
1 1.836819E-06 2.353103E-04 2.234348E-05 4.933050E-06 1.628235E-01 3.566828E-01 4.804940E-01
2 1.671241E-06 1.488776E-04 1.412630E-05 3.102744E-06 1.628235E-01 3.566828E-01 4.804940E-01
3 1.512390E-06 8.382299E-05 7.942434E-06 1.730958E-06 1.628235E-01 3.566828E-01 4.804940E-01
4 1.366700E-06 3.725902E-05 3.524613E-06 7.613311E-07 1.628235E-01 3.566828E-01 4.804940E-01
5 1.177681E-06 1.371922E-05 1.297891E-06 2.792793E-07 1.628235E-01 3.566828E-01 4.804940E-01
6 9.575281E-07 3.924310E-06 3.716503E-07 7.986290E-08 1.628235E-01 3.566828E-01 4.804940E-01
7 7.701035E-07 8.359555E-07 7.928429E-08 1.703688E-08 1.628235E-01 3.566828E-01 4.804940E-01
8 6.117712E-07 1.201706E-07 1.141914E-08 2.457565E-09 1.628235E-01 3.566828E-01 4.804940E-01
9 4.218666E-07 8.006519E-09 7.632948E-10 1.647951E-10 1.628235E-01 3.566828E-01 4.804940E-01
10 2.283098E-07 4.316476E-10 4.110243E-11 8.744920E-12 1.628235E-01 3.566828E-01 4.804940E-01
11 7.620663E-08 6.230604E-11 5.875139E-12 1.187546E-12 1.628235E-01 3.566828E-01 4.804940E-01
12 9.997747E-09 1.800665E-12 1.679982E-13 3.169196E-14 1.628235E-01 3.566828E-01 4.804940E-01
##---
23 0.9 1  : i wavelength min & max
# iz ExtRayleigh absg(1) absg(2) absg(3) wkd(1) wkd(2) wkd(3)
1 1.171798E-06 4.646235E-03 4.426145E-04 9.616242E-05 1.793600E-01 3.548641E-01 4.657762E-01
2 1.066168E-06 2.911861E-03 2.772129E-04 6.007154E-05 1.793600E-01 3.548641E-01 4.657761E-01
3 9.648284E-07 1.624607E-03 1.544635E-04 3.329789E-05 1.793600E-01 3.548641E-01 4.657761E-01
4 8.718859E-07 7.152277E-04 6.789681E-05 1.454537E-05 1.793600E-01 3.548641E-01 4.657762E-01
5 7.513012E-07 2.590673E-04 2.459302E-05 5.268215E-06 1.793600E-01 3.548641E-01 4.657761E-01
6 6.108547E-07 7.241825E-05 6.880891E-06 1.479459E-06 1.793600E-01 3.548641E-01 4.657761E-01
7 4.912873E-07 1.505184E-05 1.432083E-06 3.095761E-07 1.793600E-01 3.548641E-01 4.657761E-01
8 3.902792E-07 2.107241E-06 2.008659E-07 4.374709E-08 1.793600E-01 3.548641E-01 4.657761E-01
9 2.691297E-07 1.343298E-07 1.284838E-08 2.836175E-09 1.793600E-01 3.548641E-01 4.657761E-01
10 1.456501E-07 6.915277E-09 6.605386E-10 1.450383E-10 1.793600E-01 3.548641E-01 4.657761E-01
11 4.861599E-08 9.519702E-10 8.985786E-11 1.880466E-11 1.793600E-01 3.548641E-01 4.657762E-01
12 6.378059E-09 2.493047E-11 2.316816E-12 4.530540E-13 1.793600E-01 3.548641E-01 4.657762E-01
##---
24 1 1.1  : i wavelength min & max
# iz ExtRayleigh absg(1) absg(2) absg(3) wkd(1) wkd(2) wkd(3)
1 7.826081E-07 1.601314E-04 1.461431E-05 3.227075E-06 1.693151E-01 3.466308E-01 4.840541E-01
2 7.120609E-07 1.016223E-04 9.206543E-06 2.006090E-06 1.680941E-01 3.459396E-01 4.859663E-01
3 6.443795E-07 5.752302E-05 5.158469E-06 1.102493E-06 1.664901E-01 3.450338E-01 4.884761E-01
4 5.823060E-07 2.582939E-05 2.283305E-06 4.757974E-07 1.640872E-01 3.436804E-01 4.922324E-01
5 5.017711E-07 9.602281E-06 8.375296E-07 1.714040E-07 1.614015E-01 3.421740E-01 4.964245E-01
6 4.079712E-07 2.774010E-06 2.386593E-07 4.812548E-08 1.583325E-01 3.404683E-01 5.011992E-01
7 3.281158E-07 6.000112E-07 5.093924E-08 1.013967E-08 1.547623E-01 3.385233E-01 5.067144E-01
8 2.606556E-07 8.895245E-08 7.564971E-09 1.501248E-09 1.510992E-01 3.365848E-01 5.123159E-01
9 1.797435E-07 6.901293E-09 6.624159E-10 1.379931E-10 1.478857E-01 3.349578E-01 5.171565E-01
10 9.727529E-08 6.977233E-10 9.260772E-11 2.114343E-11 1.461666E-01 3.341573E-01 5.196761E-01
11 3.246913E-08 9.747306E-11 1.320645E-11 3.005148E-12 1.453736E-01 3.336443E-01 5.209822E-01
12 4.259711E-09 2.569203E-12 3.541574E-13 7.989879E-14 1.438799E-01 3.326696E-01 5.234506E-01
##---
25 1.1 1.2  : i wavelength min & max
# iz ExtRayleigh absg(1) absg(2) absg(3) wkd(1) wkd(2) wkd(3)
1 5.425365E-07 1.195471E-02 1.147336E-03 2.566181E-04 1.841479E-01 3.534289E-01 4.624231E-01
2 4.936301E-07 7.534173E-03 7.223192E-04 1.609026E-04 1.841479E-01 3.534289E-01 4.624231E-01
3 4.467106E-07 4.225269E-03 4.043822E-04 8.947377E-05 1.841479E-01 3.534289E-01 4.624231E-01
4 4.036787E-07 1.870346E-03 1.786426E-04 3.921646E-05 1.841479E-01 3.534289E-01 4.624231E-01
5 3.478486E-07 6.840123E-04 6.529643E-05 1.430336E-05 1.841479E-01 3.534289E-01 4.624231E-01
6 2.828226E-07 1.937669E-04 1.850183E-05 4.056912E-06 1.841479E-01 3.534289E-01 4.624231E-01
7 2.274635E-07 4.084072E-05 3.902216E-06 8.578336E-07 1.841479E-01 3.534289E-01 4.624231E-01
8 1.806973E-07 5.802945E-06 5.550839E-07 1.225678E-07 1.841479E-01 3.534289E-01 4.624231E-01
9 1.246056E-07 3.789407E-07 3.632505E-08 8.087493E-09 1.841479E-01 3.534289E-01 4.624231E-01
10 6.743527E-08 1.991228E-08 1.903795E-09 4.195787E-10 1.841479E-01 3.534289E-01 4.624231E-01
11 2.250895E-08 2.771058E-09 2.616300E-10 5.480898E-11 1.841479E-01 3.534289E-01 4.624231E-01
12 2.953009E-09 7.435840E-11 6.906116E-12 1.346860E-12 1.841479E-01 3.534289E-01 4.624231E-01
##---
26 1.2 1.3  : i wavelength min & max
# iz ExtRayleigh absg(1) absg(2) absg(3) wkd(1) wkd(2) wkd(3)
1 3.879273E-07 1.528796E-04 1.598819E-05 4.726789E-06 1.859520E-01 3.514752E-01 4.625729E-01
2 3.529580E-07 9.705724E-05 1.009471E-05 2.944641E-06 1.852538E-01 3.513574E-01 4.633887E-01
3 3.194094E-07 5.557980E-05 5.721650E-06 1.624172E-06 1.840959E-01 3.510789E-01 4.648252E-01
4 2.886405E-07 2.618928E-05 2.654034E-06 7.184561E-07 1.815944E-01 3.502408E-01 4.681648E-01
5 2.487205E-07 1.089092E-05 1.088714E-06 2.790937E-07 1.771068E-01 3.483120E-01 4.745812E-01
6 2.022253E-07 4.112280E-06 4.034078E-07 9.451579E-08 1.686177E-01 3.441652E-01 4.872171E-01
7 1.626421E-07 1.702800E-06 1.608842E-07 3.231006E-08 1.534751E-01 3.363944E-01 5.101306E-01
8 1.292031E-07 9.031270E-07 7.963411E-08 1.353209E-08 1.337163E-01 3.262515E-01 5.400323E-01
9 8.909619E-08 4.331535E-07 3.561845E-08 5.548380E-09 1.167537E-01 3.177151E-01 5.655312E-01
10 4.821793E-08 1.370001E-07 1.122655E-08 1.748075E-09 1.103301E-01 3.144953E-01 5.751747E-01
11 1.609447E-08 1.580848E-08 1.376405E-09 2.241758E-10 1.096938E-01 3.141131E-01 5.761932E-01
12 2.111476E-09 2.868209E-10 2.856684E-11 5.055785E-12 1.086031E-01 3.134422E-01 5.779547E-01
##---
27 1.3 1.4  : i wavelength min & max
# iz ExtRayleigh absg(1) absg(2) absg(3) wkd(1) wkd(2) wkd(3)
1 2.847109E-07 3.092406E-01 2.902178E-02 5.927267E-03 1.961894E-01 3.486068E-01 4.552037E-01
2 2.590459E-07 1.903577E-01 1.786999E-02 3.654341E-03 1.961867E-01 3.486055E-01 4.552076E-01
3 2.344236E-07 1.045291E-01 9.809672E-03 2.003452E-03 1.961816E-01 3.486030E-01 4.552152E-01
4 2.118415E-07 4.524172E-02 4.243569E-03 8.648761E-04 1.961677E-01 3.485964E-01 4.552358E-01
5 1.825431E-07 1.588235E-02 1.491486E-03 3.056416E-04 1.961326E-01 3.485796E-01 4.552876E-01
6 1.484189E-07 4.252428E-03 4.002399E-04 8.290543E-05 1.960271E-01 3.485290E-01 4.554437E-01
7 1.193677E-07 8.460907E-04 7.977176E-05 1.671889E-05 1.956109E-01 3.483298E-01 4.560592E-01
8 9.482585E-08 1.140625E-04 1.071530E-05 2.262249E-06 1.935329E-01 3.473346E-01 4.591324E-01
9 6.539023E-08 7.076195E-06 6.460173E-07 1.347235E-07 1.839745E-01 3.427570E-01 4.732684E-01
10 3.538851E-08 3.760719E-07 3.272391E-08 6.496713E-09 1.701490E-01 3.361367E-01 4.937142E-01
11 1.181219E-08 5.282651E-08 4.532297E-09 8.531986E-10 1.697428E-01 3.359418E-01 4.943153E-01
12 1.549672E-09 1.409981E-09 1.189272E-10 2.085860E-11 1.694274E-01 3.357902E-01 4.947823E-01
##---
28 1.4 1.5  : i wavelength min & max
# iz ExtRayleigh absg(1) absg(2) absg(3) wkd(1) wkd(2) wkd(3)
1 2.136716E-07 7.274001E-02 6.900586E-03 1.474317E-03 1.961769E-01 3.486100E-01 4.552129E-01
2 1.944104E-07 4.477850E-02 4.248529E-03 9.081938E-04 1.961704E-01 3.486101E-01 4.552194E-01
3 1.759317E-07 2.459128E-02 2.331853E-03 4.973228E-04 1.961578E-01 3.486101E-01 4.552321E-01
4 1.589841E-07 1.064693E-02 1.008811E-03 2.144916E-04 1.961237E-01 3.486103E-01 4.552658E-01
5 1.369960E-07 3.740740E-03 3.549479E-04 7.592101E-05 1.960458E-01 3.486106E-01 4.553435E-01
6 1.113863E-07 1.003769E-03 9.552944E-05 2.068679E-05 1.958352E-01 3.486116E-01 4.555531E-01
7 8.958379E-08 2.012577E-04 1.921765E-05 4.217940E-06 1.951010E-01 3.486148E-01 4.562841E-01
8 7.116548E-08 2.811124E-05 2.699232E-06 5.972151E-07 1.922272E-01 3.486274E-01 4.591454E-01
9 4.907445E-08 2.189009E-06 2.229417E-07 4.798746E-08 1.840700E-01 3.486632E-01 4.672668E-01
10 2.655858E-08 2.702453E-07 3.094851E-08 6.009236E-09 1.731813E-01 3.487108E-01 4.781077E-01
11 8.864884E-09 4.024821E-08 4.608290E-09 8.765069E-10 1.726262E-01 3.487133E-01 4.786605E-01
12 1.163007E-09 1.119468E-09 1.279335E-10 2.380330E-11 1.722431E-01 3.487150E-01 4.790418E-01
##---
29 1.5 1.6  : i wavelength min & max
# iz ExtRayleigh absg(1) absg(2) absg(3) wkd(1) wkd(2) wkd(3)
1 1.634818E-07 2.876413E-04 3.015713E-05 1.058906E-05 1.783429E-01 3.486883E-01 4.729688E-01
2 1.487450E-07 1.798826E-04 1.880440E-05 6.608267E-06 1.768964E-01 3.486946E-01 4.744090E-01
3 1.346068E-07 1.014104E-04 1.052030E-05 3.663279E-06 1.747850E-01 3.487039E-01 4.765111E-01
4 1.216400E-07 4.652526E-05 4.771823E-06 1.620532E-06 1.711852E-01 3.487196E-01 4.800951E-01
5 1.048168E-07 1.820400E-05 1.866890E-06 6.130191E-07 1.668307E-01 3.487388E-01 4.844307E-01
6 8.522259E-08 6.122705E-06 6.376993E-07 1.936657E-07 1.618600E-01 3.487605E-01 4.893795E-01
7 6.854130E-08 2.106255E-06 2.261709E-07 5.728528E-08 1.564090E-01 3.487844E-01 4.948066E-01
8 5.444930E-08 9.160932E-07 9.993685E-08 2.008947E-08 1.506637E-01 3.488096E-01 5.005267E-01
9 3.754727E-08 3.880464E-07 4.113801E-08 7.320100E-09 1.438020E-01 3.488397E-01 5.073583E-01
10 2.032019E-08 1.295600E-07 1.330987E-08 2.300814E-09 1.390844E-01 3.488604E-01 5.120553E-01
11 6.782595E-09 1.976652E-08 2.027703E-09 3.500107E-10 1.389011E-01 3.488612E-01 5.122377E-01
12 8.898265E-10 5.585974E-10 5.724176E-11 9.867695E-12 1.387755E-01 3.488618E-01 5.123628E-01
##---
30 1.6 1.7  : i wavelength min & max
# iz ExtRayleigh absg(1) absg(2) absg(3) wkd(1) wkd(2) wkd(3)
1 1.272076E-07 2.613999E-05 8.873981E-06 7.366564E-06 1.748434E-01 3.481241E-01 4.770325E-01
2 1.157406E-07 1.738458E-05 5.717674E-06 4.677091E-06 1.726818E-01 3.481997E-01 4.791184E-01
3 1.047395E-07 1.090254E-05 3.327748E-06 2.631587E-06 1.697093E-01 3.483212E-01 4.819694E-01
4 9.464985E-08 6.305658E-06 1.632952E-06 1.184394E-06 1.650241E-01 3.485656E-01 4.864103E-01
5 8.155946E-08 3.535622E-06 7.374379E-07 4.599325E-07 1.595477E-01 3.489580E-01 4.914944E-01
6 6.631293E-08 1.952473E-06 3.132995E-07 1.499726E-07 1.530939E-01 3.495959E-01 4.973102E-01
7 5.333298E-08 1.166402E-06 1.446683E-07 4.568267E-08 1.457481E-01 3.505679E-01 5.036839E-01
8 4.236778E-08 7.265965E-07 7.672644E-08 1.631283E-08 1.393927E-01 3.516267E-01 5.089806E-01
9 2.921607E-08 3.368172E-07 3.346581E-08 6.005575E-09 1.359638E-01 3.522901E-01 5.117462E-01
10 1.581143E-08 1.108246E-07 1.088624E-08 1.896779E-09 1.351059E-01 3.524091E-01 5.124851E-01
11 5.277636E-09 1.678532E-08 1.646193E-09 2.861575E-10 1.346270E-01 3.522598E-01 5.131132E-01
12 6.923869E-10 4.711777E-10 4.595684E-11 7.950615E-12 1.333723E-01 3.518153E-01 5.148124E-01
##---
31 1.7 1.8  : i wavelength min & max
# iz ExtRayleigh absg(1) absg(2) absg(3) wkd(1) wkd(2) wkd(3)
1 1.004633E-07 3.269109E-03 3.423010E-04 1.010806E-04 1.984999E-01 3.474980E-01 4.540022E-01
2 9.140711E-08 1.980814E-03 2.072464E-04 6.107335E-05 1.984998E-01 3.474980E-01 4.540022E-01
3 8.271886E-08 1.072572E-03 1.117782E-04 3.259200E-05 1.984998E-01 3.474980E-01 4.540023E-01
4 7.475051E-08 4.571782E-04 4.739689E-05 1.362380E-05 1.984995E-01 3.474981E-01 4.540025E-01
5 6.441226E-08 1.561285E-04 1.625273E-05 4.724581E-06 1.984989E-01 3.474982E-01 4.540029E-01
6 5.237119E-08 4.024503E-05 4.236593E-06 1.268913E-06 1.984972E-01 3.474986E-01 4.540043E-01
7 4.212016E-08 7.685273E-06 8.211161E-07 2.554200E-07 1.984906E-01 3.475001E-01 4.540094E-01
8 3.346031E-08 9.841413E-07 1.072199E-07 3.496525E-08 1.984549E-01 3.475084E-01 4.540368E-01
9 2.307364E-08 5.441424E-08 6.150275E-09 2.179605E-09 1.981915E-01 3.475691E-01 4.542395E-01
10 1.248721E-08 2.577549E-09 2.941737E-10 1.070155E-10 1.975375E-01 3.477199E-01 4.547427E-01
11 4.168057E-09 3.749657E-10 4.053459E-11 1.310802E-11 1.976417E-01 3.476959E-01 4.546625E-01
12 5.468183E-10 1.058914E-11 1.071643E-12 2.896959E-13 1.979652E-01 3.476213E-01 4.544136E-01
##---
32 1.8 1.9  : i wavelength min & max
# iz ExtRayleigh absg(1) absg(2) absg(3) wkd(1) wkd(2) wkd(3)
1 8.039499E-08 6.551151E-01 6.137595E-02 1.244141E-02 1.984999E-01 3.474980E-01 4.540022E-01
2 7.314787E-08 3.970206E-01 3.723048E-02 7.577441E-03 1.984998E-01 3.474980E-01 4.540022E-01
3 6.619517E-08 2.150842E-01 2.017517E-02 4.111245E-03 1.984998E-01 3.474980E-01 4.540022E-01
4 5.981855E-08 9.173568E-02 8.606315E-03 1.754997E-03 1.984995E-01 3.474980E-01 4.540024E-01
5 5.154545E-08 3.132151E-02 2.945850E-03 6.071997E-04 1.984990E-01 3.474981E-01 4.540029E-01
6 4.190966E-08 8.066991E-03 7.621516E-04 1.601061E-04 1.984977E-01 3.474981E-01 4.540040E-01
7 3.370635E-08 1.538712E-03 1.461840E-04 3.141638E-05 1.984927E-01 3.474986E-01 4.540086E-01
8 2.677637E-08 1.967434E-04 1.882177E-05 4.158605E-06 1.984667E-01 3.475010E-01 4.540322E-01
9 1.846451E-08 1.085598E-05 1.052212E-06 2.444766E-07 1.982540E-01 3.475201E-01 4.542257E-01
10 9.992799E-09 5.197779E-07 5.052885E-08 1.189621E-08 1.971365E-01 3.476211E-01 4.552424E-01
11 3.335457E-09 7.599572E-08 7.248504E-09 1.588619E-09 1.971673E-01 3.476182E-01 4.552144E-01
12 4.375874E-10 2.157089E-09 2.012128E-10 4.018304E-11 1.973255E-01 3.476040E-01 4.550704E-01
##---
33 1.9 2  : i wavelength min & max
# iz ExtRayleigh absg(1) absg(2) absg(3) wkd(1) wkd(2) wkd(3)
1 6.509842E-08 1.746633E-01 1.623301E-02 3.347971E-03 1.959103E-01 3.477294E-01 4.563602E-01
2 5.923020E-08 1.062600E-01 9.851284E-03 2.036703E-03 1.952490E-01 3.477883E-01 4.569627E-01
3 5.360037E-08 5.795280E-02 5.343400E-03 1.103226E-03 1.941234E-01 3.478884E-01 4.579881E-01
4 4.843701E-08 2.508552E-02 2.286016E-03 4.700400E-04 1.917499E-01 3.480988E-01 4.601513E-01
5 4.173801E-08 8.784317E-03 7.883651E-04 1.627664E-04 1.880316E-01 3.484256E-01 4.635428E-01
6 3.393561E-08 2.368717E-03 2.082919E-04 4.334652E-05 1.823754E-01 3.489141E-01 4.687104E-01
7 2.729312E-08 4.992940E-04 4.308961E-05 8.961532E-06 1.743651E-01 3.495781E-01 4.760567E-01
8 2.168169E-08 8.612902E-05 7.680303E-06 1.542669E-06 1.655772E-01 3.502470E-01 4.841758E-01
9 1.495131E-08 1.401619E-05 1.415718E-06 2.597687E-07 1.592489E-01 3.506762E-01 4.900747E-01
10 8.091492E-09 3.376671E-06 3.562434E-07 6.226029E-08 1.566383E-01 3.509001E-01 4.924616E-01
11 2.700827E-09 4.818201E-07 5.080359E-08 8.854591E-09 1.568052E-01 3.510358E-01 4.921590E-01
12 3.543286E-10 1.192973E-08 1.255480E-09 2.182007E-10 1.571068E-01 3.511694E-01 4.917237E-01
##---
34 2 2.1  : i wavelength min & max
# iz ExtRayleigh absg(1) absg(2) absg(3) wkd(1) wkd(2) wkd(3)
1 5.327411E-08 1.529831E-03 1.627400E-04 4.261785E-05 1.559036E-01 3.513330E-01 4.927634E-01
2 4.847178E-08 1.170124E-03 1.217918E-04 2.992938E-05 1.523596E-01 3.516497E-01 4.959907E-01
3 4.386454E-08 8.928657E-04 9.016191E-05 2.028251E-05 1.480069E-01 3.520373E-01 4.999558E-01
4 3.963904E-08 6.810096E-04 6.606740E-05 1.326111E-05 1.425058E-01 3.525232E-01 5.049710E-01
5 3.415683E-08 4.701464E-04 4.420464E-05 8.182070E-06 1.381928E-01 3.528959E-01 5.089113E-01
6 2.777163E-08 2.888644E-04 2.655247E-05 4.655530E-06 1.352163E-01 3.531420E-01 5.116416E-01
7 2.233567E-08 1.742983E-04 1.579999E-05 2.681129E-06 1.334969E-01 3.532737E-01 5.132294E-01
8 1.774348E-08 1.024163E-04 9.229666E-06 1.544365E-06 1.328081E-01 3.533165E-01 5.138754E-01
9 1.223559E-08 4.266299E-05 3.838520E-06 6.397206E-07 1.326189E-01 3.533096E-01 5.140715E-01
10 6.621774E-09 1.285087E-05 1.155990E-06 1.925381E-07 1.325994E-01 3.533136E-01 5.140870E-01
11 2.210256E-09 1.832830E-06 1.649064E-07 2.747413E-08 1.326481E-01 3.533620E-01 5.139899E-01
12 2.899693E-10 4.509202E-08 4.058045E-09 6.762971E-10 1.327009E-01 3.534137E-01 5.138853E-01
##---
35 2.1 2.2  : i wavelength min & max
# iz ExtRayleigh absg(1) absg(2) absg(3) wkd(1) wkd(2) wkd(3)
1 4.401743E-08 1.493130E-04 2.852480E-05 1.859194E-05 1.927315E-01 3.456213E-01 4.616470E-01
2 4.004953E-08 9.247295E-05 1.784723E-05 1.171054E-05 1.908786E-01 3.449798E-01 4.641416E-01
3 3.624282E-08 5.182545E-05 9.952835E-06 6.507450E-06 1.877188E-01 3.439000E-01 4.683812E-01
4 3.275153E-08 2.388931E-05 4.460955E-06 2.855546E-06 1.809836E-01 3.416244E-01 4.773919E-01
5 2.822188E-08 9.571636E-06 1.720385E-06 1.061281E-06 1.698749E-01 3.378157E-01 4.923093E-01
6 2.294615E-08 3.457394E-06 5.701079E-07 3.179316E-07 1.530557E-01 3.321425E-01 5.148017E-01
7 1.845472E-08 1.385767E-06 1.902331E-07 8.033847E-08 1.317234E-01 3.255284E-01 5.427482E-01
8 1.466045E-08 7.120546E-07 7.933176E-08 2.090892E-08 1.138261E-01 3.206978E-01 5.654761E-01
9 1.010959E-08 3.202402E-07 3.238840E-08 6.259521E-09 1.044989E-01 3.179705E-01 5.775306E-01
10 5.471203E-09 9.610149E-08 9.498141E-09 1.720056E-09 1.035248E-01 3.181586E-01 5.783165E-01
11 1.826211E-09 1.034972E-08 9.910243E-10 1.757635E-10 1.088702E-01 3.234000E-01 5.677298E-01
12 2.395855E-10 1.477053E-10 1.358174E-11 2.322433E-12 1.207006E-01 3.352114E-01 5.440879E-01
##---
36 2.2 2.3  : i wavelength min & max
# iz ExtRayleigh absg(1) absg(2) absg(3) wkd(1) wkd(2) wkd(3)
1 3.668726E-08 9.107190E-05 2.610540E-05 2.084805E-05 1.624516E-01 3.472930E-01 4.902554E-01
2 3.338013E-08 6.451487E-05 1.702129E-05 1.312146E-05 1.604506E-01 3.473719E-01 4.921774E-01
3 3.020735E-08 4.435747E-05 1.012175E-05 7.259284E-06 1.581696E-01 3.475468E-01 4.942836E-01
4 2.729745E-08 2.974546E-05 5.314788E-06 3.231531E-06 1.552031E-01 3.478630E-01 4.969339E-01
5 2.352213E-08 1.936209E-05 2.728633E-06 1.297699E-06 1.520839E-01 3.481088E-01 4.998072E-01
6 1.912495E-08 1.200152E-05 1.380817E-06 4.699392E-07 1.487896E-01 3.482921E-01 5.029182E-01
7 1.538148E-08 7.585973E-06 7.590852E-07 1.793807E-07 1.457610E-01 3.484049E-01 5.058341E-01
8 1.221906E-08 4.750503E-06 4.466942E-07 8.380871E-08 1.438156E-01 3.482966E-01 5.078878E-01
9 8.426050E-09 2.178921E-06 2.019586E-07 3.527841E-08 1.426083E-01 3.477348E-01 5.096570E-01
10 4.560091E-09 6.608847E-07 6.104323E-08 1.053033E-08 1.427953E-01 3.479457E-01 5.092590E-01
11 1.522095E-09 7.172692E-08 6.574639E-09 1.124089E-09 1.449119E-01 3.497048E-01 5.053833E-01
12 1.996876E-10 8.415382E-10 7.645418E-11 1.293865E-11 1.483579E-01 3.525561E-01 4.990860E-01
##---
37 2.3 2.4  : i wavelength min & max
# iz ExtRayleigh absg(1) absg(2) absg(3) wkd(1) wkd(2) wkd(3)
1 3.082177E-08 1.094471E-03 1.334663E-04 5.716752E-05 1.883374E-01 3.498042E-01 4.618584E-01
2 2.804338E-08 6.868860E-04 8.214440E-05 3.436638E-05 1.862818E-01 3.502719E-01 4.634462E-01
3 2.537785E-08 3.953544E-04 4.549186E-05 1.798807E-05 1.832682E-01 3.509585E-01 4.657733E-01
4 2.293319E-08 1.944516E-04 2.107659E-05 7.462027E-06 1.782311E-01 3.521070E-01 4.696619E-01
5 1.976145E-08 8.733473E-05 9.041541E-06 2.819718E-06 1.723360E-01 3.534530E-01 4.742110E-01
6 1.606730E-08 3.793286E-05 3.757714E-06 9.760478E-07 1.660341E-01 3.548964E-01 4.790694E-01
7 1.292231E-08 1.878001E-05 1.774152E-06 3.670082E-07 1.599303E-01 3.563021E-01 4.837675E-01
8 1.026550E-08 1.063068E-05 9.704133E-07 1.719054E-07 1.558532E-01 3.572483E-01 4.868985E-01
9 7.078909E-09 4.716370E-06 4.253726E-07 7.157595E-08 1.545510E-01 3.575642E-01 4.878847E-01
10 3.831032E-09 1.430071E-06 1.287462E-07 2.149086E-08 1.544190E-01 3.576146E-01 4.879665E-01
11 1.278745E-09 1.596306E-07 1.437158E-08 2.398936E-09 1.544428E-01 3.576213E-01 4.879359E-01
12 1.677619E-10 1.955829E-09 1.761226E-10 2.941901E-11 1.544731E-01 3.576121E-01 4.879147E-01
##---
38 2.4 2.5  : i wavelength min & max
# iz ExtRayleigh absg(1) absg(2) absg(3) wkd(1) wkd(2) wkd(3)
1 2.608329E-08 1.897119E-02 1.962627E-03 5.609721E-04 1.984767E-01 3.475032E-01 4.540199E-01
2 2.373204E-08 1.148845E-02 1.183531E-03 3.343483E-04 1.984681E-01 3.475052E-01 4.540266E-01
3 2.147631E-08 6.214645E-03 6.346414E-04 1.748531E-04 1.984516E-01 3.475090E-01 4.540394E-01
4 1.940748E-08 2.646825E-03 2.671542E-04 7.111052E-05 1.984076E-01 3.475189E-01 4.540734E-01
5 1.672336E-08 9.040533E-04 9.105324E-05 2.410749E-05 1.983043E-01 3.475423E-01 4.541534E-01
6 1.359714E-08 2.334332E-04 2.359514E-05 6.337074E-06 1.980299E-01 3.476045E-01 4.543656E-01
7 1.093566E-08 4.492636E-05 4.562620E-06 1.253564E-06 1.972135E-01 3.477886E-01 4.549978E-01
8 8.687304E-09 5.957545E-06 6.084554E-07 1.715785E-07 1.951007E-01 3.482546E-01 4.566446E-01
9 5.990611E-09 4.111091E-07 4.320130E-08 1.195922E-08 1.912090E-01 3.489785E-01 4.598125E-01
10 3.242056E-09 4.255207E-08 4.608983E-09 1.020602E-09 1.865393E-01 3.491234E-01 4.643372E-01
11 1.082153E-09 5.203779E-09 5.540542E-10 1.200543E-10 1.871999E-01 3.491365E-01 4.636636E-01
12 1.419705E-10 9.535122E-11 9.712522E-12 2.095315E-12 1.888936E-01 3.490479E-01 4.620585E-01
##---
39 2.5 2.6  : i wavelength min & max
# iz ExtRayleigh absg(1) absg(2) absg(3) wkd(1) wkd(2) wkd(3)
1 2.222160E-08 2.828834E+00 2.662122E-01 5.500707E-02 1.984999E-01 3.474979E-01 4.540020E-01
2 2.021846E-08 1.713920E+00 1.614387E-01 3.348688E-02 1.984998E-01 3.474979E-01 4.540021E-01
3 1.829670E-08 9.279488E-01 8.742632E-02 1.815246E-02 1.984998E-01 3.474979E-01 4.540022E-01
4 1.653416E-08 3.955780E-01 3.727354E-02 7.742939E-03 1.984996E-01 3.474979E-01 4.540025E-01
5 1.424743E-08 1.350519E-01 1.275994E-02 2.680911E-03 1.984991E-01 3.474977E-01 4.540032E-01
6 1.158405E-08 3.478083E-02 3.302496E-03 7.081163E-04 1.984976E-01 3.474971E-01 4.540053E-01
7 9.316614E-09 6.633608E-03 6.337517E-04 1.392495E-04 1.984916E-01 3.474948E-01 4.540136E-01
8 7.401130E-09 8.481137E-04 8.165921E-05 1.848380E-05 1.984579E-01 3.474815E-01 4.540606E-01
9 5.103689E-09 4.678648E-05 4.576215E-06 1.094090E-06 1.981404E-01 3.473524E-01 4.545072E-01
10 2.762063E-09 2.220964E-06 2.196933E-07 5.374920E-08 1.963277E-01 3.466190E-01 4.570531E-01
11 9.219380E-10 3.134236E-07 3.031344E-08 6.909876E-09 1.969982E-01 3.469300E-01 4.560718E-01
12 1.209515E-10 8.387817E-09 7.896276E-10 1.635057E-10 1.978386E-01 3.472981E-01 4.548633E-01
##---
40 2.6 2.7  : i wavelength min & max
# iz ExtRayleigh absg(1) absg(2) absg(3) wkd(1) wkd(2) wkd(3)
1 1.904899E-08 9.438559E+00 8.749694E-01 1.695162E-01 1.978867E-01 3.475148E-01 4.545984E-01
2 1.733184E-08 5.732426E+00 5.316964E-01 1.033230E-01 1.976894E-01 3.475202E-01 4.547904E-01
3 1.568445E-08 3.118297E+00 2.892068E-01 5.622604E-02 1.973144E-01 3.475305E-01 4.551550E-01
4 1.417356E-08 1.345680E+00 1.247483E-01 2.422660E-02 1.963798E-01 3.475560E-01 4.560642E-01
5 1.221331E-08 4.715751E-01 4.379079E-02 8.545855E-03 1.945594E-01 3.476056E-01 4.578349E-01
6 9.930182E-09 1.292932E-01 1.210164E-02 2.377095E-03 1.910461E-01 3.477006E-01 4.612533E-01
7 7.986468E-09 2.957401E-02 2.875489E-03 5.629357E-04 1.850364E-01 3.478583E-01 4.671053E-01
8 6.344461E-09 6.799022E-03 7.444585E-04 1.419785E-04 1.781215E-01 3.480017E-01 4.738767E-01
9 4.375028E-09 1.770931E-03 2.145923E-04 3.938013E-05 1.709602E-01 3.477727E-01 4.812670E-01
10 2.367719E-09 5.344677E-04 6.369876E-05 1.128368E-05 1.622927E-01 3.458755E-01 4.918317E-01
11 7.903117E-10 8.666245E-05 1.041661E-05 1.855959E-06 1.639208E-01 3.465847E-01 4.894944E-01
12 1.036831E-10 2.705622E-06 3.292668E-07 5.916558E-08 1.663079E-01 3.474905E-01 4.862016E-01
##---
41 2.7 2.8  : i wavelength min & max
# iz ExtRayleigh absg(1) absg(2) absg(3) wkd(1) wkd(2) wkd(3)
1 1.642301E-08 4.436545E+00 4.154845E-01 8.428976E-02 1.970325E-01 3.475386E-01 4.554289E-01
2 1.494258E-08 2.704472E+00 2.533907E-01 5.154251E-02 1.965583E-01 3.475518E-01 4.558900E-01
3 1.352229E-08 1.481683E+00 1.387549E-01 2.819625E-02 1.956546E-01 3.475768E-01 4.567687E-01
4 1.221968E-08 6.513618E-01 6.090443E-02 1.231778E-02 1.933860E-01 3.476396E-01 4.589744E-01
5 1.052965E-08 2.374786E-01 2.220128E-02 4.484614E-03 1.888990E-01 3.477637E-01 4.633372E-01
6 8.561266E-09 7.141824E-02 6.692396E-03 1.339845E-03 1.799548E-01 3.480113E-01 4.720338E-01
7 6.885502E-09 2.061254E-02 1.955647E-03 3.759054E-04 1.635679E-01 3.484648E-01 4.879672E-01
8 5.469851E-09 7.347208E-03 7.028519E-04 1.255018E-04 1.427729E-01 3.490403E-01 5.081867E-01
9 3.771913E-09 2.688630E-03 2.471805E-04 4.184150E-05 1.275486E-01 3.494615E-01 5.229899E-01
10 2.041320E-09 8.369259E-04 7.561336E-05 1.263541E-05 1.239156E-01 3.495621E-01 5.265223E-01
11 6.813640E-10 1.373737E-04 1.240425E-05 2.071328E-06 1.238211E-01 3.495651E-01 5.266138E-01
12 8.938993E-11 4.360807E-06 3.935484E-07 6.567368E-08 1.237290E-01 3.495680E-01 5.267031E-01
##---
42 2.8 2.9  : i wavelength min & max
# iz ExtRayleigh absg(1) absg(2) absg(3) wkd(1) wkd(2) wkd(3)
1 1.423442E-08 4.792710E-01 4.539651E-02 9.595513E-03 1.979183E-01 3.473987E-01 4.546831E-01
2 1.295127E-08 2.912222E-01 2.759986E-02 5.839253E-03 1.977100E-01 3.473577E-01 4.549323E-01
3 1.172025E-08 1.585723E-01 1.502718E-02 3.169897E-03 1.973079E-01 3.472792E-01 4.554128E-01
4 1.059123E-08 6.863531E-02 6.505953E-03 1.364393E-03 1.962439E-01 3.470673E-01 4.566887E-01
5 9.126432E-09 2.426260E-02 2.308320E-03 4.846664E-04 1.937903E-01 3.465286E-01 4.596810E-01
6 7.420358E-09 6.849511E-03 6.555004E-04 1.368999E-04 1.874052E-01 3.449637E-01 4.676311E-01
7 5.967913E-09 1.752688E-03 1.676509E-04 3.313646E-05 1.691703E-01 3.399793E-01 4.908504E-01
8 4.740917E-09 5.566308E-04 5.036522E-05 8.503536E-06 1.307018E-01 3.283757E-01 5.409226E-01
9 3.269253E-09 2.043872E-04 1.641988E-05 2.408280E-06 9.886534E-02 3.180907E-01 5.830440E-01
10 1.769285E-09 6.329846E-05 4.922956E-06 6.998167E-07 9.332551E-02 3.167340E-01 5.899405E-01
11 5.905628E-10 9.755745E-06 7.682886E-07 1.096416E-07 9.741165E-02 3.209725E-01 5.816159E-01
12 7.747748E-11 2.714878E-07 2.277156E-08 3.439837E-09 1.092242E-01 3.329412E-01 5.578346E-01
##---
43 2.9 3  : i wavelength min & max
# iz ExtRayleigh absg(1) absg(2) absg(3) wkd(1) wkd(2) wkd(3)
1 1.239861E-08 4.727495E-02 4.581264E-03 1.075334E-03 1.952037E-01 3.493389E-01 4.554573E-01
2 1.128095E-08 2.845230E-02 2.757835E-03 6.479854E-04 1.951715E-01 3.493232E-01 4.555053E-01
3 1.020870E-08 1.531741E-02 1.482575E-03 3.466181E-04 1.951094E-01 3.492930E-01 4.555975E-01
4 9.225289E-09 6.494613E-03 6.273218E-04 1.455955E-04 1.949405E-01 3.492106E-01 4.558488E-01
5 7.949401E-09 2.198148E-03 2.129784E-04 5.000670E-05 1.945041E-01 3.489951E-01 4.565007E-01
6 6.463359E-09 5.625418E-04 5.488016E-05 1.320910E-05 1.931592E-01 3.483230E-01 4.585177E-01
7 5.198234E-09 1.097303E-04 1.077810E-05 2.653542E-06 1.879101E-01 3.456745E-01 4.664154E-01
8 4.129484E-09 1.674557E-05 1.648724E-06 3.999347E-07 1.650231E-01 3.339971E-01 5.009798E-01
9 2.847619E-09 2.376227E-06 2.391501E-07 4.961723E-08 1.012029E-01 3.006434E-01 5.981536E-01
10 1.541102E-09 5.665831E-07 5.389821E-08 9.508510E-09 6.646726E-02 2.824398E-01 6.510929E-01
11 5.143982E-10 5.395468E-08 5.169434E-09 9.183086E-10 7.684764E-02 2.902998E-01 6.328525E-01
12 6.748525E-11 6.963377E-10 6.751748E-11 1.213014E-11 1.115528E-01 3.160086E-01 5.724386E-01
##---
44 3 3.1  : i wavelength min & max
# iz ExtRayleigh absg(1) absg(2) absg(3) wkd(1) wkd(2) wkd(3)
1 1.084950E-08 5.377851E-02 5.078609E-03 1.064915E-03 1.945343E-01 3.498083E-01 4.556573E-01
2 9.871481E-09 3.226211E-02 3.050258E-03 6.427164E-04 1.945321E-01 3.498076E-01 4.556602E-01
3 8.933197E-09 1.731664E-02 1.637527E-03 3.453169E-04 1.945278E-01 3.498063E-01 4.556659E-01
4 8.072656E-09 7.313586E-03 6.915290E-04 1.457742E-04 1.945162E-01 3.498025E-01 4.556813E-01
5 6.956181E-09 2.454199E-03 2.328186E-04 4.975191E-05 1.944871E-01 3.497926E-01 4.557203E-01
6 5.655809E-09 6.173698E-04 5.893040E-05 1.291437E-05 1.943991E-01 3.497612E-01 4.558397E-01
7 4.548753E-09 1.151102E-04 1.106901E-05 2.499957E-06 1.940474E-01 3.496312E-01 4.563214E-01
8 3.613535E-09 1.453359E-05 1.407412E-06 3.286422E-07 1.921949E-01 3.489285E-01 4.588766E-01
9 2.491830E-09 8.448867E-07 8.300538E-08 2.021027E-08 1.820953E-01 3.450995E-01 4.728052E-01
10 1.348552E-09 5.409677E-08 5.847965E-09 1.386958E-09 1.668324E-01 3.398934E-01 4.932742E-01
11 4.501279E-10 8.121422E-09 8.496255E-10 1.897837E-10 1.624877E-01 3.370959E-01 5.004163E-01
12 5.905346E-11 2.268522E-10 2.334230E-11 4.971014E-12 1.635437E-01 3.387911E-01 4.976652E-01
##---
45 3.1 3.2  : i wavelength min & max
# iz ExtRayleigh absg(1) absg(2) absg(3) wkd(1) wkd(2) wkd(3)
1 9.534967E-09 2.915531E-02 2.822573E-03 6.539983E-04 1.943395E-01 3.498401E-01 4.558205E-01
2 8.675450E-09 1.750745E-02 1.698290E-03 3.967480E-04 1.942624E-01 3.498503E-01 4.558873E-01
3 7.850848E-09 9.413081E-03 9.133467E-04 2.139706E-04 1.941152E-01 3.498698E-01 4.560149E-01
4 7.094570E-09 3.993041E-03 3.870213E-04 9.073861E-05 1.937313E-01 3.499207E-01 4.563481E-01
5 6.113368E-09 1.354238E-03 1.315125E-04 3.136713E-05 1.928479E-01 3.500274E-01 4.571247E-01
6 4.970549E-09 3.506056E-04 3.409937E-05 8.351408E-06 1.906856E-01 3.502426E-01 4.590718E-01
7 3.997624E-09 7.174777E-05 6.945059E-06 1.720419E-06 1.855162E-01 3.505416E-01 4.639421E-01
8 3.175718E-09 1.296148E-05 1.253721E-06 2.898383E-07 1.754310E-01 3.499171E-01 4.746519E-01
9 2.189919E-09 2.795953E-06 2.661241E-07 4.854126E-08 1.541678E-01 3.412267E-01 5.046055E-01
10 1.185161E-09 1.415956E-06 1.145150E-07 1.697767E-08 8.630770E-02 2.815370E-01 6.321554E-01
11 3.955902E-10 7.523935E-07 6.555938E-08 1.078805E-08 3.947467E-02 2.338852E-01 7.266402E-01
12 5.189852E-11 3.387915E-08 3.092404E-09 5.169248E-10 3.140213E-02 2.255190E-01 7.430789E-01
##---
46 3.2 3.3  : i wavelength min & max
# iz ExtRayleigh absg(1) absg(2) absg(3) wkd(1) wkd(2) wkd(3)
1 8.413658E-09 4.857972E-02 4.601276E-03 9.796121E-04 1.941373E-01 3.498658E-01 4.559970E-01
2 7.655219E-09 2.922347E-02 2.771682E-03 5.940245E-04 1.939802E-01 3.498835E-01 4.561362E-01
3 6.927590E-09 1.576813E-02 1.495660E-03 3.213542E-04 1.936800E-01 3.499174E-01 4.564025E-01
4 6.260251E-09 6.752735E-03 6.396727E-04 1.374486E-04 1.928942E-01 3.500060E-01 4.570998E-01
5 5.394438E-09 2.343103E-03 2.218310E-04 4.811333E-05 1.910598E-01 3.501841E-01 4.587560E-01
6 4.386014E-09 6.462976E-04 6.092653E-05 1.329724E-05 1.864801E-01 3.505070E-01 4.630128E-01
7 3.527505E-09 1.612435E-04 1.497813E-05 3.151152E-06 1.756728E-01 3.508298E-01 4.734974E-01
8 2.802254E-09 4.839147E-05 4.418456E-06 8.248796E-07 1.591622E-01 3.500249E-01 4.908129E-01
9 1.932385E-09 1.740616E-05 1.562438E-06 2.629383E-07 1.445609E-01 3.449025E-01 5.105366E-01
10 1.045787E-09 7.303875E-06 7.135250E-07 1.310752E-07 1.122644E-01 3.121911E-01 5.755445E-01
11 3.490690E-10 3.299196E-06 4.383755E-07 8.789171E-08 6.467935E-02 2.613352E-01 6.739855E-01
12 4.579527E-11 1.914081E-07 2.239852E-08 4.054159E-09 4.127404E-02 2.362947E-01 7.224311E-01
##---
47 3.3 3.4  : i wavelength min & max
# iz ExtRayleigh absg(1) absg(2) absg(3) wkd(1) wkd(2) wkd(3)
1 7.452462E-09 1.239267E-02 1.205794E-03 2.881667E-04 1.921253E-01 3.502559E-01 4.576187E-01
2 6.780669E-09 7.558167E-03 7.355145E-04 1.766194E-04 1.913090E-01 3.504013E-01 4.582897E-01
3 6.136166E-09 4.183157E-03 4.058729E-04 9.707353E-05 1.898732E-01 3.506559E-01 4.594709E-01
4 5.545065E-09 1.907658E-03 1.836985E-04 4.318673E-05 1.866992E-01 3.512137E-01 4.620870E-01
5 4.778165E-09 7.545226E-04 7.215517E-05 1.657951E-05 1.813055E-01 3.521175E-01 4.665769E-01
6 3.884946E-09 2.737370E-04 2.593925E-05 5.625760E-06 1.729941E-01 3.533689E-01 4.736370E-01
7 3.124514E-09 1.132351E-04 1.053424E-05 2.037596E-06 1.625925E-01 3.545784E-01 4.828291E-01
8 2.482118E-09 5.863752E-05 5.338357E-06 9.319934E-07 1.545642E-01 3.546652E-01 4.907705E-01
9 1.711625E-09 2.597646E-05 2.345331E-06 3.948599E-07 1.495949E-01 3.520799E-01 4.983252E-01
10 9.263134E-10 1.028728E-05 9.557573E-07 1.665851E-07 1.219103E-01 3.227692E-01 5.553206E-01
11 3.091905E-10 4.012150E-06 4.465631E-07 8.305145E-08 6.237927E-02 2.590421E-01 6.785786E-01
12 4.056351E-11 1.977384E-07 2.104002E-08 3.701548E-09 3.967430E-02 2.347340E-01 7.255916E-01
##---
48 3.4 3.5  : i wavelength min & max
# iz ExtRayleigh absg(1) absg(2) absg(3) wkd(1) wkd(2) wkd(3)
1 6.624706E-09 9.093474E-04 1.085851E-04 4.269867E-05 1.859195E-01 3.514863E-01 4.625941E-01
2 6.027529E-09 5.885864E-04 6.970417E-05 2.701247E-05 1.835544E-01 3.519452E-01 4.645004E-01
3 5.454613E-09 3.601020E-04 4.155983E-05 1.534606E-05 1.798853E-01 3.526571E-01 4.674576E-01
4 4.929166E-09 2.023412E-04 2.212452E-05 7.281163E-06 1.734824E-01 3.538994E-01 4.726181E-01
5 4.247446E-09 1.098616E-04 1.131079E-05 3.184634E-06 1.662104E-01 3.553075E-01 4.784822E-01
6 3.453439E-09 5.906113E-05 5.721812E-06 1.322054E-06 1.599471E-01 3.565134E-01 4.835394E-01
7 2.777470E-09 3.426578E-05 3.170636E-06 6.066900E-07 1.561604E-01 3.572299E-01 4.866098E-01
8 2.206425E-09 2.065877E-05 1.871970E-06 3.233602E-07 1.547004E-01 3.574705E-01 4.878290E-01
9 1.521512E-09 9.339514E-06 8.415626E-07 1.410805E-07 1.539302E-01 3.571406E-01 4.889292E-01
10 8.234264E-10 2.928696E-06 2.641162E-07 4.421983E-08 1.505132E-01 3.540215E-01 4.954653E-01
11 2.748483E-10 4.159728E-07 3.834834E-08 6.630458E-09 1.276000E-01 3.324441E-01 5.399559E-01
12 3.605806E-11 8.130463E-09 7.987003E-10 1.455994E-10 9.735887E-02 3.039595E-01 5.986816E-01
##---
49 3.5 3.6  : i wavelength min & max
# iz ExtRayleigh absg(1) absg(2) absg(3) wkd(1) wkd(2) wkd(3)
1 5.908764E-09 1.572484E-03 1.647505E-04 4.870005E-05 1.916116E-01 3.493792E-01 4.590093E-01
2 5.376125E-09 9.621366E-04 1.012774E-04 3.030237E-05 1.905021E-01 3.491767E-01 4.603212E-01
3 4.865125E-09 5.354518E-04 5.629737E-05 1.678430E-05 1.884738E-01 3.488064E-01 4.627198E-01
4 4.396464E-09 2.477335E-04 2.579623E-05 7.483804E-06 1.836352E-01 3.479121E-01 4.684526E-01
5 3.788418E-09 1.013994E-04 1.041520E-05 2.897084E-06 1.743318E-01 3.459502E-01 4.797181E-01
6 3.080221E-09 3.937861E-05 3.928667E-06 9.893405E-07 1.589778E-01 3.420794E-01 4.989428E-01
7 2.477305E-09 1.775766E-05 1.698094E-06 3.586430E-07 1.416742E-01 3.364633E-01 5.218624E-01
8 1.967974E-09 9.733380E-06 9.072671E-07 1.666044E-07 1.304362E-01 3.299117E-01 5.396522E-01
9 1.357080E-09 4.538182E-06 4.247375E-07 7.636810E-08 1.213140E-01 3.162254E-01 5.624605E-01
10 7.344375E-10 1.873943E-06 2.138190E-07 5.578520E-08 8.903786E-02 2.469158E-01 6.640464E-01
11 2.451450E-10 2.882855E-07 1.282677E-07 5.966967E-08 6.775329E-02 2.019116E-01 7.303352E-01
12 3.216121E-11 5.120630E-09 8.576359E-09 4.195722E-09 6.228625E-02 1.915168E-01 7.461969E-01
##---
50 3.6 3.7  : i wavelength min & max
# iz ExtRayleigh absg(1) absg(2) absg(3) wkd(1) wkd(2) wkd(3)
1 5.286989E-09 1.411140E-03 1.501798E-04 4.638179E-05 1.935650E-01 3.497775E-01 4.566575E-01
2 4.810400E-09 8.525942E-04 9.138971E-05 2.875692E-05 1.931829E-01 3.497407E-01 4.570765E-01
3 4.353171E-09 4.633417E-04 4.976234E-05 1.575893E-05 1.924648E-01 3.496702E-01 4.578650E-01
4 3.933827E-09 2.019692E-04 2.161835E-05 6.816275E-06 1.906569E-01 3.494919E-01 4.598511E-01
5 3.389766E-09 7.300094E-05 7.812386E-06 2.476194E-06 1.867335E-01 3.489510E-01 4.643154E-01
6 2.756091E-09 2.217320E-05 2.354370E-06 7.329308E-07 1.784546E-01 3.473468E-01 4.741985E-01
7 2.216620E-09 6.865683E-06 7.074049E-07 1.972008E-07 1.640928E-01 3.437317E-01 4.921755E-01
8 1.760886E-09 2.813636E-06 2.770072E-07 6.362603E-08 1.476727E-01 3.370680E-01 5.152593E-01
9 1.214275E-09 1.216740E-06 1.179795E-07 2.514752E-08 1.316523E-01 3.183397E-01 5.500081E-01
10 6.571532E-10 5.697447E-07 7.383043E-08 2.292763E-08 8.441925E-02 2.314447E-01 6.841361E-01
11 2.193486E-10 1.504423E-07 7.745065E-08 2.556297E-08 3.970060E-02 1.495647E-01 8.107348E-01
12 2.877691E-11 6.487957E-09 7.111537E-09 1.720112E-09 1.767887E-02 1.096012E-01 8.727199E-01
##---
51 3.7 3.8  : i wavelength min & max
# iz ExtRayleigh absg(1) absg(2) absg(3) wkd(1) wkd(2) wkd(3)
1 4.744899E-09 8.503086E-04 1.004365E-04 3.864964E-05 1.939562E-01 3.499152E-01 4.561285E-01
2 4.317176E-09 5.135420E-04 6.148254E-05 2.423780E-05 1.937387E-01 3.499547E-01 4.563066E-01
3 3.906828E-09 2.786003E-04 3.361133E-05 1.343024E-05 1.933242E-01 3.500299E-01 4.566459E-01
4 3.530481E-09 1.208417E-04 1.468924E-05 5.948193E-06 1.922500E-01 3.502249E-01 4.575251E-01
5 3.042203E-09 4.322747E-05 5.399884E-06 2.286926E-06 1.898543E-01 3.506614E-01 4.594843E-01
6 2.473501E-09 1.282870E-05 1.676677E-06 7.592660E-07 1.843442E-01 3.516691E-01 4.639866E-01
7 1.989343E-09 3.804391E-06 5.247963E-07 2.544131E-07 1.730670E-01 3.537380E-01 4.731949E-01
8 1.580337E-09 1.464737E-06 2.088825E-07 1.052079E-07 1.599311E-01 3.561651E-01 4.839037E-01
9 1.089772E-09 5.718123E-07 8.157603E-08 4.119956E-08 1.541777E-01 3.572548E-01 4.885674E-01
10 5.897733E-10 1.704253E-07 2.365854E-08 1.157540E-08 1.533374E-01 3.573540E-01 4.893087E-01
11 1.968581E-10 1.936282E-08 2.550922E-09 1.164898E-09 1.526380E-01 3.566169E-01 4.907451E-01
12 2.582633E-11 2.649377E-10 3.396871E-11 1.478005E-11 1.497300E-01 3.530547E-01 4.972154E-01
##---
52 3.8 3.9  : i wavelength min & max
# iz ExtRayleigh absg(1) absg(2) absg(3) wkd(1) wkd(2) wkd(3)
1 4.270545E-09 4.777944E-04 6.820459E-05 3.422745E-05 1.420286E-01 3.214167E-01 5.365548E-01
2 3.885582E-09 3.139790E-04 4.564689E-05 2.264564E-05 1.367342E-01 3.186439E-01 5.446219E-01
3 3.516257E-09 1.939943E-04 2.869802E-05 1.366582E-05 1.303556E-01 3.153832E-01 5.542612E-01
4 3.177534E-09 1.088469E-04 1.671223E-05 7.312064E-06 1.217397E-01 3.112156E-01 5.670447E-01
5 2.738070E-09 5.868477E-05 9.533317E-06 3.804349E-06 1.128539E-01 3.073837E-01 5.797624E-01
6 2.226222E-09 3.203131E-05 5.337684E-06 1.927893E-06 1.032719E-01 3.040451E-01 5.926829E-01
7 1.790466E-09 1.971630E-05 3.169217E-06 1.049036E-06 9.325133E-02 3.016132E-01 6.051354E-01
8 1.422349E-09 1.264056E-05 1.922007E-06 6.062295E-07 8.619255E-02 3.005050E-01 6.133025E-01
9 9.808263E-10 5.812649E-06 8.633465E-07 2.673223E-07 8.382148E-02 3.001460E-01 6.160325E-01
10 5.308129E-10 1.690362E-06 2.495300E-07 7.651133E-08 8.388975E-02 3.004548E-01 6.156554E-01
11 1.771780E-10 1.725458E-07 2.520958E-08 7.636973E-09 8.481306E-02 3.016551E-01 6.135318E-01
12 2.324444E-11 1.757039E-09 2.547267E-10 8.293790E-11 8.763624E-02 3.053303E-01 6.070335E-01
##---
53 3.9 4  : i wavelength min & max
# iz ExtRayleigh absg(1) absg(2) absg(3) wkd(1) wkd(2) wkd(3)
1 3.854020E-09 1.501678E-04 4.785308E-05 3.709294E-05 9.202949E-02 2.985021E-01 6.094684E-01
2 3.506604E-09 1.155947E-04 3.441969E-05 2.579784E-05 8.638913E-02 2.958402E-01 6.177706E-01
3 3.173301E-09 8.792119E-05 2.367655E-05 1.679661E-05 8.075500E-02 2.932507E-01 6.259943E-01
4 2.867615E-09 6.668858E-05 1.578268E-05 1.029745E-05 7.511991E-02 2.906998E-01 6.341802E-01
5 2.471015E-09 4.737001E-05 1.019565E-05 6.188424E-06 7.134859E-02 2.889140E-01 6.397374E-01
6 2.009089E-09 3.081022E-05 6.188676E-06 3.544211E-06 6.904041E-02 2.876849E-01 6.432747E-01
7 1.615834E-09 1.984450E-05 3.809012E-06 2.095481E-06 6.773214E-02 2.868350E-01 6.454328E-01
8 1.283621E-09 1.242709E-05 2.329730E-06 1.255928E-06 6.702948E-02 2.862434E-01 6.467270E-01
9 8.851621E-10 5.652768E-06 1.043724E-06 5.568569E-07 6.636376E-02 2.854798E-01 6.481564E-01
10 4.790404E-10 1.632303E-06 2.989867E-07 1.577621E-07 6.686699E-02 2.858534E-01 6.472796E-01
11 1.598970E-10 1.621445E-07 2.975266E-08 1.542031E-08 6.999503E-02 2.889841E-01 6.410208E-01
12 2.097731E-11 1.655567E-09 3.289813E-10 1.827810E-10 7.705914E-02 2.946817E-01 6.282592E-01
