##---
1 0.3 0.32  : i wavelength min & max
# iz ExtRayleigh absg(1) absg(2) absg(3) wkd(1) wkd(2) wkd(3)
1 1.313957E-04 6.530164E-06 6.530164E-06 6.530164E-06 3.333333E-01 3.333333E-01 3.333333E-01
2 1.153819E-04 6.517831E-06 6.517831E-06 6.517831E-06 3.333333E-01 3.333333E-01 3.333333E-01
3 1.022370E-04 6.645381E-06 6.645381E-06 6.645381E-06 3.333333E-01 3.333333E-01 3.333333E-01
4 9.076272E-05 6.907789E-06 6.907789E-06 6.907789E-06 3.333333E-01 3.333333E-01 3.333333E-01
5 7.656244E-05 7.320108E-06 7.320108E-06 7.320108E-06 3.333333E-01 3.333333E-01 3.333333E-01
6 6.060032E-05 1.094333E-05 1.094333E-05 1.094333E-05 3.333333E-01 3.333333E-01 3.333333E-01
7 4.634682E-05 2.250784E-05 2.250784E-05 2.250784E-05 3.333333E-01 3.333333E-01 3.333333E-01
8 3.414178E-05 2.865936E-05 2.865936E-05 2.865936E-05 3.333333E-01 3.333333E-01 3.333333E-01
9 2.161163E-05 4.863171E-05 4.863171E-05 4.863171E-05 3.333333E-01 3.333333E-01 3.333333E-01
10 1.159357E-05 7.128955E-05 7.128955E-05 7.128955E-05 3.333333E-01 3.333333E-01 3.333333E-01
11 4.171692E-06 4.107164E-05 4.107164E-05 4.107164E-05 3.333333E-01 3.333333E-01 3.333333E-01
12 5.250950E-07 3.598831E-06 3.598831E-06 3.598831E-06 3.333333E-01 3.333333E-01 3.333333E-01
##---
2 0.32 0.34  : i wavelength min & max
# iz ExtRayleigh absg(1) absg(2) absg(3) wkd(1) wkd(2) wkd(3)
1 1.006936E-04 3.815766E-07 3.815766E-07 3.815766E-07 3.333333E-01 3.333333E-01 3.333333E-01
2 8.842163E-05 3.801478E-07 3.801478E-07 3.801478E-07 3.333333E-01 3.333333E-01 3.333333E-01
3 7.834819E-05 3.840913E-07 3.840913E-07 3.840913E-07 3.333333E-01 3.333333E-01 3.333333E-01
4 6.955498E-05 3.947542E-07 3.947542E-07 3.947542E-07 3.333333E-01 3.333333E-01 3.333333E-01
5 5.867274E-05 4.082080E-07 4.082080E-07 4.082080E-07 3.333333E-01 3.333333E-01 3.333333E-01
6 4.644036E-05 5.911652E-07 5.911652E-07 5.911652E-07 3.333333E-01 3.333333E-01 3.333333E-01
7 3.551736E-05 1.195367E-06 1.195367E-06 1.195367E-06 3.333333E-01 3.333333E-01 3.333333E-01
8 2.616416E-05 1.517309E-06 1.517309E-06 1.517309E-06 3.333333E-01 3.333333E-01 3.333333E-01
9 1.656183E-05 2.573309E-06 2.573309E-06 2.573309E-06 3.333333E-01 3.333333E-01 3.333333E-01
10 8.884599E-06 3.762209E-06 3.762209E-06 3.762209E-06 3.333333E-01 3.333333E-01 3.333333E-01
11 3.196928E-06 2.166368E-06 2.166368E-06 2.166368E-06 3.333333E-01 3.333333E-01 3.333333E-01
12 4.024005E-07 1.990756E-07 1.990756E-07 1.990756E-07 3.333333E-01 3.333333E-01 3.333333E-01
##---
3 0.34 0.36  : i wavelength min & max
# iz ExtRayleigh absg(1) absg(2) absg(3) wkd(1) wkd(2) wkd(3)
1 7.853771E-05 1.593647E-08 1.593647E-08 1.593647E-08 3.333333E-01 3.333333E-01 3.333333E-01
2 6.896597E-05 1.582228E-08 1.582228E-08 1.582228E-08 3.333333E-01 3.333333E-01 3.333333E-01
3 6.110901E-05 1.571882E-08 1.571882E-08 1.571882E-08 3.333333E-01 3.333333E-01 3.333333E-01
4 5.425059E-05 1.581279E-08 1.581279E-08 1.581279E-08 3.333333E-01 3.333333E-01 3.333333E-01
5 4.576282E-05 1.560017E-08 1.560017E-08 1.560017E-08 3.333333E-01 3.333333E-01 3.333333E-01
6 3.622195E-05 2.124442E-08 2.124442E-08 2.124442E-08 3.333333E-01 3.333333E-01 3.333333E-01
7 2.770237E-05 4.162179E-08 4.162179E-08 4.162179E-08 3.333333E-01 3.333333E-01 3.333333E-01
8 2.040719E-05 5.253989E-08 5.253989E-08 5.253989E-08 3.333333E-01 3.333333E-01 3.333333E-01
9 1.291768E-05 8.902177E-08 8.902177E-08 8.902177E-08 3.333333E-01 3.333333E-01 3.333333E-01
10 6.929695E-06 1.295557E-07 1.295557E-07 1.295557E-07 3.333333E-01 3.333333E-01 3.333333E-01
11 2.493499E-06 7.453506E-08 7.453506E-08 7.453506E-08 3.333333E-01 3.333333E-01 3.333333E-01
12 3.138592E-07 7.489492E-09 7.489492E-09 7.489492E-09 3.333333E-01 3.333333E-01 3.333333E-01
##---
4 0.36 0.38  : i wavelength min & max
# iz ExtRayleigh absg(1) absg(2) absg(3) wkd(1) wkd(2) wkd(3)
1 6.220214E-05 2.543281E-10 2.543281E-10 2.543281E-10 3.333333E-01 3.333333E-01 3.333333E-01
2 5.462129E-05 2.539986E-10 2.539986E-10 2.539986E-10 3.333333E-01 3.333333E-01 3.333333E-01
3 4.839855E-05 2.597321E-10 2.597321E-10 2.597321E-10 3.333333E-01 3.333333E-01 3.333333E-01
4 4.296666E-05 2.710185E-10 2.710185E-10 2.710185E-10 3.333333E-01 3.333333E-01 3.333333E-01
5 3.624431E-05 2.897320E-10 2.897320E-10 2.897320E-10 3.333333E-01 3.333333E-01 3.333333E-01
6 2.868791E-05 4.388614E-10 4.388614E-10 4.388614E-10 3.333333E-01 3.333333E-01 3.333333E-01
7 2.194038E-05 9.101730E-10 9.101730E-10 9.101730E-10 3.333333E-01 3.333333E-01 3.333333E-01
8 1.616256E-05 1.160879E-09 1.160879E-09 1.160879E-09 3.333333E-01 3.333333E-01 3.333333E-01
9 1.023085E-05 1.970466E-09 1.970466E-09 1.970466E-09 3.333333E-01 3.333333E-01 3.333333E-01
10 5.488343E-06 2.892815E-09 2.892815E-09 2.892815E-09 3.333333E-01 3.333333E-01 3.333333E-01
11 1.974860E-06 1.667116E-09 1.667116E-09 1.667116E-09 3.333333E-01 3.333333E-01 3.333333E-01
12 2.485776E-07 1.428875E-10 1.428875E-10 1.428875E-10 3.333333E-01 3.333333E-01 3.333333E-01
##---
5 0.38 0.4  : i wavelength min & max
# iz ExtRayleigh absg(1) absg(2) absg(3) wkd(1) wkd(2) wkd(3)
1 4.993131E-05 3.675158E-17 3.675158E-17 3.675158E-17 3.333334E-01 3.333334E-01 3.333334E-01
2 4.384596E-05 2.855646E-17 2.855646E-17 2.855646E-17 3.333334E-01 3.333334E-01 3.333334E-01
3 3.885081E-05 1.911494E-17 1.911494E-17 1.911494E-17 3.333334E-01 3.333334E-01 3.333334E-01
4 3.449048E-05 1.136716E-17 1.136716E-17 1.136716E-17 3.333334E-01 3.333334E-01 3.333334E-01
5 2.909427E-05 4.231641E-18 4.231641E-18 4.231641E-18 3.333334E-01 3.333334E-01 3.333334E-01
6 2.302856E-05 6.989234E-19 6.989234E-19 6.989234E-19 3.333334E-01 3.333334E-01 3.333334E-01
7 1.761213E-05 8.116487E-20 8.116487E-20 8.116487E-20 3.333334E-01 3.333334E-01 3.333334E-01
8 1.297412E-05 2.125394E-20 2.125394E-20 2.125394E-20 3.333334E-01 3.333334E-01 3.333334E-01
9 8.212575E-06 3.389045E-21 3.389045E-21 3.389045E-21 3.333334E-01 3.333334E-01 3.333334E-01
10 4.405639E-06 8.652089E-22 8.652089E-22 8.652089E-22 3.333334E-01 3.333334E-01 3.333334E-01
11 1.585273E-06 9.783000E-23 9.783000E-23 9.783000E-23 3.333334E-01 3.333334E-01 3.333334E-01
12 1.995399E-07 9.281320E-25 9.281320E-25 9.281320E-25 3.333334E-01 3.333334E-01 3.333334E-01
##---
6 0.4 0.42  : i wavelength min & max
# iz ExtRayleigh absg(1) absg(2) absg(3) wkd(1) wkd(2) wkd(3)
1 4.056179E-05 8.461572E-11 8.461572E-11 8.461572E-11 3.333334E-01 3.333334E-01 3.333334E-01
2 3.561835E-05 8.456159E-11 8.456159E-11 8.456159E-11 3.333334E-01 3.333334E-01 3.333334E-01
3 3.156053E-05 8.674029E-11 8.674029E-11 8.674029E-11 3.333334E-01 3.333334E-01 3.333334E-01
4 2.801841E-05 9.084500E-11 9.084500E-11 9.084500E-11 3.333334E-01 3.333334E-01 3.333334E-01
5 2.363479E-05 9.781525E-11 9.781525E-11 9.781525E-11 3.333334E-01 3.333334E-01 3.333334E-01
6 1.870729E-05 1.492470E-10 1.492470E-10 1.492470E-10 3.333334E-01 3.333334E-01 3.333334E-01
7 1.430724E-05 3.103466E-10 3.103466E-10 3.103466E-10 3.333334E-01 3.333334E-01 3.333334E-01
8 1.053955E-05 3.959701E-10 3.959701E-10 3.959701E-10 3.333334E-01 3.333334E-01 3.333334E-01
9 6.671501E-06 6.721539E-10 6.721539E-10 6.721539E-10 3.333334E-01 3.333334E-01 3.333334E-01
10 3.578929E-06 9.870270E-10 9.870270E-10 9.870270E-10 3.333334E-01 3.333334E-01 3.333334E-01
11 1.287799E-06 5.688446E-10 5.688446E-10 5.688446E-10 3.333334E-01 3.333334E-01 3.333334E-01
12 1.620966E-07 4.834065E-11 4.834065E-11 4.834065E-11 3.333334E-01 3.333334E-01 3.333334E-01
##---
7 0.42 0.44  : i wavelength min & max
# iz ExtRayleigh absg(1) absg(2) absg(3) wkd(1) wkd(2) wkd(3)
1 3.330311E-05 1.540349E-09 1.540349E-09 1.540349E-09 3.333334E-01 3.333334E-01 3.333334E-01
2 2.924431E-05 1.539364E-09 1.539364E-09 1.539364E-09 3.333334E-01 3.333334E-01 3.333334E-01
3 2.591265E-05 1.579026E-09 1.579026E-09 1.579026E-09 3.333334E-01 3.333334E-01 3.333334E-01
4 2.300441E-05 1.653749E-09 1.653749E-09 1.653749E-09 3.333334E-01 3.333334E-01 3.333334E-01
5 1.940525E-05 1.780637E-09 1.780637E-09 1.780637E-09 3.333334E-01 3.333334E-01 3.333334E-01
6 1.535955E-05 2.716905E-09 2.716905E-09 2.716905E-09 3.333334E-01 3.333334E-01 3.333334E-01
7 1.174691E-05 5.649575E-09 5.649575E-09 5.649575E-09 3.333334E-01 3.333334E-01 3.333334E-01
8 8.653460E-06 7.208271E-09 7.208271E-09 7.208271E-09 3.333334E-01 3.333334E-01 3.333334E-01
9 5.477611E-06 1.223594E-08 1.223594E-08 1.223594E-08 3.333334E-01 3.333334E-01 3.333334E-01
10 2.938466E-06 1.796792E-08 1.796792E-08 1.796792E-08 3.333334E-01 3.333334E-01 3.333334E-01
11 1.057343E-06 1.035529E-08 1.035529E-08 1.035529E-08 3.333334E-01 3.333334E-01 3.333334E-01
12 1.330888E-07 8.799974E-10 8.799974E-10 8.799974E-10 3.333334E-01 3.333334E-01 3.333334E-01
##---
8 0.44 0.46  : i wavelength min & max
# iz ExtRayleigh absg(1) absg(2) absg(3) wkd(1) wkd(2) wkd(3)
1 2.760639E-05 6.977706E-09 6.977706E-09 6.977706E-09 3.333334E-01 3.333334E-01 3.333334E-01
2 2.424188E-05 6.973247E-09 6.973247E-09 6.973247E-09 3.333334E-01 3.333334E-01 3.333334E-01
3 2.148012E-05 7.152911E-09 7.152911E-09 7.152911E-09 3.333334E-01 3.333334E-01 3.333334E-01
4 1.906935E-05 7.491404E-09 7.491404E-09 7.491404E-09 3.333334E-01 3.333334E-01 3.333334E-01
5 1.608586E-05 8.066200E-09 8.066200E-09 8.066200E-09 3.333334E-01 3.333334E-01 3.333334E-01
6 1.273220E-05 1.230745E-08 1.230745E-08 1.230745E-08 3.333334E-01 3.333334E-01 3.333334E-01
7 9.737521E-06 2.559230E-08 2.559230E-08 2.559230E-08 3.333334E-01 3.333334E-01 3.333334E-01
8 7.173228E-06 3.265312E-08 3.265312E-08 3.265312E-08 3.333334E-01 3.333334E-01 3.333334E-01
9 4.540629E-06 5.542824E-08 5.542824E-08 5.542824E-08 3.333334E-01 3.333334E-01 3.333334E-01
10 2.435822E-06 8.139383E-08 8.139383E-08 8.139383E-08 3.333334E-01 3.333334E-01 3.333334E-01
11 8.764772E-07 4.690898E-08 4.690898E-08 4.690898E-08 3.333334E-01 3.333334E-01 3.333334E-01
12 1.103231E-07 3.986346E-09 3.986346E-09 3.986346E-09 3.333334E-01 3.333334E-01 3.333334E-01
##---
9 0.46 0.48  : i wavelength min & max
# iz ExtRayleigh absg(1) absg(2) absg(3) wkd(1) wkd(2) wkd(3)
1 2.308315E-05 1.735418E-08 1.735418E-08 1.735418E-08 3.333334E-01 3.333334E-01 3.333334E-01
2 2.026990E-05 1.734309E-08 1.734309E-08 1.734309E-08 3.333334E-01 3.333334E-01 3.333334E-01
3 1.796065E-05 1.778993E-08 1.778993E-08 1.778993E-08 3.333334E-01 3.333334E-01 3.333334E-01
4 1.594488E-05 1.863179E-08 1.863179E-08 1.863179E-08 3.333334E-01 3.333334E-01 3.333334E-01
5 1.345022E-05 2.006136E-08 2.006136E-08 2.006136E-08 3.333334E-01 3.333334E-01 3.333334E-01
6 1.064605E-05 3.060973E-08 3.060973E-08 3.060973E-08 3.333334E-01 3.333334E-01 3.333334E-01
7 8.142050E-06 6.365035E-08 6.365035E-08 6.365035E-08 3.333334E-01 3.333334E-01 3.333334E-01
8 5.997911E-06 8.121125E-08 8.121125E-08 8.121125E-08 3.333334E-01 3.333334E-01 3.333334E-01
9 3.796657E-06 1.378550E-07 1.378550E-07 1.378550E-07 3.333334E-01 3.333334E-01 3.333334E-01
10 2.036718E-06 2.024337E-07 2.024337E-07 2.024337E-07 3.333334E-01 3.333334E-01 3.333334E-01
11 7.328683E-07 1.166669E-07 1.166669E-07 1.166669E-07 3.333334E-01 3.333334E-01 3.333334E-01
12 9.224689E-08 9.914396E-09 9.914396E-09 9.914396E-09 3.333334E-01 3.333334E-01 3.333334E-01
##---
10 0.48 0.5  : i wavelength min & max
# iz ExtRayleigh absg(1) absg(2) absg(3) wkd(1) wkd(2) wkd(3)
1 1.945359E-05 3.868159E-08 3.868159E-08 3.868159E-08 3.333334E-01 3.333334E-01 3.333334E-01
2 1.708269E-05 3.865686E-08 3.865686E-08 3.865686E-08 3.333334E-01 3.333334E-01 3.333334E-01
3 1.513654E-05 3.965285E-08 3.965285E-08 3.965285E-08 3.333334E-01 3.333334E-01 3.333334E-01
4 1.343773E-05 4.152932E-08 4.152932E-08 4.152932E-08 3.333334E-01 3.333334E-01 3.333334E-01
5 1.133533E-05 4.471575E-08 4.471575E-08 4.471575E-08 3.333334E-01 3.333334E-01 3.333334E-01
6 8.972084E-06 6.822751E-08 6.822751E-08 6.822751E-08 3.333334E-01 3.333334E-01 3.333334E-01
7 6.861806E-06 1.418734E-07 1.418734E-07 1.418734E-07 3.333334E-01 3.333334E-01 3.333334E-01
8 5.054808E-06 1.810157E-07 1.810157E-07 1.810157E-07 3.333334E-01 3.333334E-01 3.333334E-01
9 3.199676E-06 3.072718E-07 3.072718E-07 3.072718E-07 3.333334E-01 3.333334E-01 3.333334E-01
10 1.716468E-06 4.512144E-07 4.512144E-07 4.512144E-07 3.333334E-01 3.333334E-01 3.333334E-01
11 6.176332E-07 2.600445E-07 2.600445E-07 2.600445E-07 3.333334E-01 3.333334E-01 3.333334E-01
12 7.774211E-08 2.209869E-08 2.209869E-08 2.209869E-08 3.333334E-01 3.333334E-01 3.333334E-01
##---
11 0.5 0.52  : i wavelength min & max
# iz ExtRayleigh absg(1) absg(2) absg(3) wkd(1) wkd(2) wkd(3)
1 1.651308E-05 7.442116E-08 7.442116E-08 7.442116E-08 3.333334E-01 3.333334E-01 3.333334E-01
2 1.450056E-05 7.437359E-08 7.437359E-08 7.437359E-08 3.333334E-01 3.333334E-01 3.333334E-01
3 1.284858E-05 7.628980E-08 7.628980E-08 7.628980E-08 3.333334E-01 3.333334E-01 3.333334E-01
4 1.140655E-05 7.989999E-08 7.989999E-08 7.989999E-08 3.333334E-01 3.333334E-01 3.333334E-01
5 9.621939E-06 8.603050E-08 8.603050E-08 8.603050E-08 3.333334E-01 3.333334E-01 3.333334E-01
6 7.615910E-06 1.312658E-07 1.312658E-07 1.312658E-07 3.333334E-01 3.333334E-01 3.333334E-01
7 5.824610E-06 2.729561E-07 2.729561E-07 2.729561E-07 3.333334E-01 3.333334E-01 3.333334E-01
8 4.290749E-06 3.482637E-07 3.482637E-07 3.482637E-07 3.333334E-01 3.333334E-01 3.333334E-01
9 2.716029E-06 5.911730E-07 5.911730E-07 5.911730E-07 3.333334E-01 3.333334E-01 3.333334E-01
10 1.457015E-06 8.681104E-07 8.681104E-07 8.681104E-07 3.333334E-01 3.333334E-01 3.333334E-01
11 5.242749E-07 5.003104E-07 5.003104E-07 5.003104E-07 3.333334E-01 3.333334E-01 3.333334E-01
12 6.599102E-08 4.251659E-08 4.251659E-08 4.251659E-08 3.333334E-01 3.333334E-01 3.333334E-01
##---
12 0.52 0.54  : i wavelength min & max
# iz ExtRayleigh absg(1) absg(2) absg(3) wkd(1) wkd(2) wkd(3)
1 1.410985E-05 1.173744E-07 1.173744E-07 1.173744E-07 3.333334E-01 3.333334E-01 3.333334E-01
2 1.239022E-05 1.172994E-07 1.172994E-07 1.172994E-07 3.333334E-01 3.333334E-01 3.333334E-01
3 1.097866E-05 1.203216E-07 1.203216E-07 1.203216E-07 3.333334E-01 3.333334E-01 3.333334E-01
4 9.746497E-06 1.260154E-07 1.260154E-07 1.260154E-07 3.333334E-01 3.333334E-01 3.333334E-01
5 8.221608E-06 1.356842E-07 1.356842E-07 1.356842E-07 3.333334E-01 3.333334E-01 3.333334E-01
6 6.507527E-06 2.070277E-07 2.070277E-07 2.070277E-07 3.333334E-01 3.333334E-01 3.333334E-01
7 4.976925E-06 4.304965E-07 4.304965E-07 4.304965E-07 3.333334E-01 3.333334E-01 3.333334E-01
8 3.666294E-06 5.492689E-07 5.492689E-07 5.492689E-07 3.333334E-01 3.333334E-01 3.333334E-01
9 2.320751E-06 9.323766E-07 9.323766E-07 9.323766E-07 3.333334E-01 3.333334E-01 3.333334E-01
10 1.244968E-06 1.369152E-06 1.369152E-06 1.369152E-06 3.333334E-01 3.333334E-01 3.333334E-01
11 4.479745E-07 7.890714E-07 7.890714E-07 7.890714E-07 3.333334E-01 3.333334E-01 3.333334E-01
12 5.638700E-08 6.705564E-08 6.705564E-08 6.705564E-08 3.333334E-01 3.333334E-01 3.333334E-01
##---
13 0.54 0.56  : i wavelength min & max
# iz ExtRayleigh absg(1) absg(2) absg(3) wkd(1) wkd(2) wkd(3)
1 1.212985E-05 1.625506E-07 1.625506E-07 1.625506E-07 3.333334E-01 3.333334E-01 3.333334E-01
2 1.065153E-05 1.624459E-07 1.624459E-07 1.624459E-07 3.333334E-01 3.333334E-01 3.333334E-01
3 9.438057E-06 1.666301E-07 1.666301E-07 1.666301E-07 3.333334E-01 3.333334E-01 3.333334E-01
4 8.378799E-06 1.745145E-07 1.745145E-07 1.745145E-07 3.333334E-01 3.333334E-01 3.333334E-01
5 7.067894E-06 1.879037E-07 1.879037E-07 1.879037E-07 3.333334E-01 3.333334E-01 3.333334E-01
6 5.594344E-06 2.867037E-07 2.867037E-07 2.867037E-07 3.333334E-01 3.333334E-01 3.333334E-01
7 4.278526E-06 5.961762E-07 5.961762E-07 5.961762E-07 3.333334E-01 3.333334E-01 3.333334E-01
8 3.151813E-06 7.606590E-07 7.606590E-07 7.606590E-07 3.333334E-01 3.333334E-01 3.333334E-01
9 1.995087E-06 1.291208E-06 1.291208E-06 1.291208E-06 3.333334E-01 3.333334E-01 3.333334E-01
10 1.070265E-06 1.896080E-06 1.896080E-06 1.896080E-06 3.333334E-01 3.333334E-01 3.333334E-01
11 3.851115E-07 1.092751E-06 1.092751E-06 1.092751E-06 3.333334E-01 3.333334E-01 3.333334E-01
12 4.847437E-08 9.286247E-08 9.286247E-08 9.286247E-08 3.333334E-01 3.333334E-01 3.333334E-01
##---
14 0.56 0.58  : i wavelength min & max
# iz ExtRayleigh absg(1) absg(2) absg(3) wkd(1) wkd(2) wkd(3)
1 1.048643E-05 1.825851E-06 3.652079E-07 2.448250E-07 8.654901E-02 3.228979E-01 5.905532E-01
2 9.208406E-06 1.521553E-06 3.367417E-07 2.390922E-07 8.654901E-02 3.228980E-01 5.905531E-01
3 8.159337E-06 1.129394E-06 3.054036E-07 2.374922E-07 8.654901E-02 3.228980E-01 5.905532E-01
4 7.243594E-06 7.920988E-07 2.836792E-07 2.417764E-07 8.654901E-02 3.228979E-01 5.905532E-01
5 6.110297E-06 4.691613E-07 2.699821E-07 2.535662E-07 8.654901E-02 3.228980E-01 5.905531E-01
6 4.836392E-06 4.198768E-07 3.846405E-07 3.817364E-07 8.654901E-02 3.228980E-01 5.905531E-01
7 3.698848E-06 7.972981E-07 7.928487E-07 7.924817E-07 8.654901E-02 3.228979E-01 5.905531E-01
8 2.724788E-06 1.012437E-06 1.011148E-06 1.011042E-06 8.654901E-02 3.228979E-01 5.905532E-01
9 1.724782E-06 1.716454E-06 1.716214E-06 1.716194E-06 8.654901E-02 3.228980E-01 5.905532E-01
10 9.252598E-07 2.520228E-06 2.520153E-06 2.520146E-06 8.654901E-02 3.228979E-01 5.905531E-01
11 3.329345E-07 1.452427E-06 1.452415E-06 1.452413E-06 8.654901E-02 3.228979E-01 5.905532E-01
12 4.190680E-08 1.234269E-07 1.234267E-07 1.234267E-07 8.654901E-02 3.228980E-01 5.905531E-01
##---
15 0.58 0.6  : i wavelength min & max
# iz ExtRayleigh absg(1) absg(2) absg(3) wkd(1) wkd(2) wkd(3)
1 9.112990E-06 1.220298E-05 1.326022E-06 4.295696E-07 8.654901E-02 3.228979E-01 5.905531E-01
2 8.002349E-06 9.938563E-06 1.115643E-06 3.884788E-07 8.654901E-02 3.228980E-01 5.905530E-01
3 7.090681E-06 6.983302E-06 8.473044E-07 3.415899E-07 8.654901E-02 3.228980E-01 5.905532E-01
4 6.294876E-06 4.404799E-06 6.187576E-07 3.067209E-07 8.654901E-02 3.228980E-01 5.905531E-01
5 5.310011E-06 1.886067E-06 4.028419E-07 2.805981E-07 8.654901E-02 3.228980E-01 5.905530E-01
6 4.202953E-06 6.742518E-07 4.118578E-07 3.902318E-07 8.654901E-02 3.228980E-01 5.905531E-01
7 3.214398E-06 8.377043E-07 8.045694E-07 8.018382E-07 8.654901E-02 3.228980E-01 5.905531E-01
8 2.367914E-06 1.032845E-06 1.023245E-06 1.022454E-06 8.654901E-02 3.228980E-01 5.905531E-01
9 1.498881E-06 1.737273E-06 1.735483E-06 1.735335E-06 8.654901E-02 3.228980E-01 5.905532E-01
10 8.040755E-07 2.548830E-06 2.548269E-06 2.548222E-06 8.654901E-02 3.228980E-01 5.905531E-01
11 2.893289E-07 1.468690E-06 1.468598E-06 1.468590E-06 8.654901E-02 3.228980E-01 5.905531E-01
12 3.641813E-08 1.248034E-07 1.248015E-07 1.248013E-07 8.654901E-02 3.228980E-01 5.905532E-01
##---
16 0.6 0.62  : i wavelength min & max
# iz ExtRayleigh absg(1) absg(2) absg(3) wkd(1) wkd(2) wkd(3)
1 7.957856E-06 3.047576E-07 2.432094E-07 2.339744E-07 1.790931E-01 3.268113E-01 4.940957E-01
2 6.987997E-06 2.884128E-07 2.398848E-07 2.329673E-07 1.790931E-01 3.268113E-01 4.940957E-01
3 6.191889E-06 2.728705E-07 2.415903E-07 2.377930E-07 1.790931E-01 3.268113E-01 4.940957E-01
4 5.496957E-06 2.649772E-07 2.489845E-07 2.479993E-07 1.790931E-01 3.268113E-01 4.940957E-01
5 4.636931E-06 2.648802E-07 2.641369E-07 2.660176E-07 1.790931E-01 3.268113E-01 4.940957E-01
6 3.670200E-06 3.884018E-07 3.999857E-07 4.051273E-07 1.790931E-01 3.268113E-01 4.940957E-01
7 2.806951E-06 8.036150E-07 8.309618E-07 8.422360E-07 1.790931E-01 3.268113E-01 4.940957E-01
8 2.067764E-06 1.025072E-06 1.060172E-06 1.074594E-06 1.790931E-01 3.268113E-01 4.940957E-01
9 1.308888E-06 1.739932E-06 1.799606E-06 1.824103E-06 1.790931E-01 3.268113E-01 4.940957E-01
10 7.021534E-07 2.554994E-06 2.642636E-06 2.678611E-06 1.790931E-01 3.268113E-01 4.940957E-01
11 2.526545E-07 1.472496E-06 1.523007E-06 1.543740E-06 1.790931E-01 3.268113E-01 4.940957E-01
12 3.180188E-08 1.251333E-07 1.294258E-07 1.311877E-07 1.790931E-01 3.268113E-01 4.940957E-01
##---
17 0.62 0.64  : i wavelength min & max
# iz ExtRayleigh absg(1) absg(2) absg(3) wkd(1) wkd(2) wkd(3)
1 6.980576E-06 1.379698E-06 2.978425E-07 1.997974E-07 1.364010E-01 3.324665E-01 5.311325E-01
2 6.129822E-06 1.129885E-06 2.733662E-07 1.951699E-07 1.361762E-01 3.323933E-01 5.314305E-01
3 5.431481E-06 8.927207E-07 2.528155E-07 1.948787E-07 1.368140E-01 3.326010E-01 5.305851E-01
4 4.821892E-06 7.009259E-07 2.404271E-07 1.994122E-07 1.381010E-01 3.330201E-01 5.288789E-01
5 4.067483E-06 5.077839E-07 2.337510E-07 2.099608E-07 1.411939E-01 3.340272E-01 5.247790E-01
6 3.219474E-06 4.716238E-07 3.286111E-07 3.154667E-07 1.471892E-01 3.359794E-01 5.168315E-01
7 2.462238E-06 7.514692E-07 6.640691E-07 6.530888E-07 1.527733E-01 3.377977E-01 5.094290E-01
8 1.813829E-06 9.012534E-07 8.425333E-07 8.326656E-07 1.545983E-01 3.383920E-01 5.070097E-01
9 1.148147E-06 1.474519E-06 1.425588E-06 1.412983E-06 1.564059E-01 3.389806E-01 5.046135E-01
10 6.159240E-07 2.146008E-06 2.091802E-06 2.074639E-06 1.562975E-01 3.389452E-01 5.047572E-01
11 2.216268E-07 1.234910E-06 1.205397E-06 1.195550E-06 1.555286E-01 3.386949E-01 5.057765E-01
12 2.789639E-08 1.049627E-07 1.024370E-07 1.015866E-07 1.539558E-01 3.381827E-01 5.078615E-01
##---
18 0.64 0.66  : i wavelength min & max
# iz ExtRayleigh absg(1) absg(2) absg(3) wkd(1) wkd(2) wkd(3)
1 6.149190E-06 7.197149E-06 7.834199E-07 2.548159E-07 9.134100E-02 3.275261E-01 5.811329E-01
2 5.399761E-06 5.858472E-06 6.579767E-07 2.293645E-07 9.134101E-02 3.275260E-01 5.811329E-01
3 4.784593E-06 4.104414E-06 4.973718E-07 2.000882E-07 9.134101E-02 3.275260E-01 5.811329E-01
4 4.247606E-06 2.578682E-06 3.609342E-07 1.781528E-07 9.134100E-02 3.275260E-01 5.811329E-01
5 3.583046E-06 1.093990E-06 2.324352E-07 1.614280E-07 9.134101E-02 3.275260E-01 5.811329E-01
6 2.836035E-06 3.862513E-07 2.357874E-07 2.233866E-07 9.134101E-02 3.275260E-01 5.811329E-01
7 2.168985E-06 4.791789E-07 4.603348E-07 4.587818E-07 9.134101E-02 3.275260E-01 5.811329E-01
8 1.597802E-06 5.908997E-07 5.854478E-07 5.849986E-07 9.134101E-02 3.275260E-01 5.811329E-01
9 1.011403E-06 9.939713E-07 9.929540E-07 9.928704E-07 9.134101E-02 3.275260E-01 5.811329E-01
10 5.425676E-07 1.458308E-06 1.457989E-06 1.457963E-06 9.134100E-02 3.275260E-01 5.811329E-01
11 1.952311E-07 8.403088E-07 8.402565E-07 8.402523E-07 9.134101E-02 3.275260E-01 5.811329E-01
12 2.457393E-08 7.140615E-08 7.140502E-08 7.140494E-08 9.134101E-02 3.275261E-01 5.811329E-01
##---
19 0.66 0.68  : i wavelength min & max
# iz ExtRayleigh absg(1) absg(2) absg(3) wkd(1) wkd(2) wkd(3)
1 5.438266E-06 2.141452E-07 9.846843E-08 8.856833E-08 1.051817E-01 3.364443E-01 5.583740E-01
2 4.775480E-06 1.892904E-07 9.574448E-08 8.787361E-08 1.051817E-01 3.364442E-01 5.583740E-01
3 4.231434E-06 1.588887E-07 9.444181E-08 8.925979E-08 1.051817E-01 3.364442E-01 5.583740E-01
4 3.756529E-06 1.345637E-07 9.552048E-08 9.270513E-08 1.051817E-01 3.364442E-01 5.583740E-01
5 3.168801E-06 1.137450E-07 9.954472E-08 9.906950E-08 1.051817E-01 3.364442E-01 5.583740E-01
6 2.508154E-06 1.498122E-07 1.493754E-07 1.506001E-07 1.051817E-01 3.364442E-01 5.583740E-01
7 1.918223E-06 3.055281E-07 3.099816E-07 3.130209E-07 1.051817E-01 3.364442E-01 5.583740E-01
8 1.413076E-06 3.894434E-07 3.954646E-07 3.993735E-07 1.051817E-01 3.364442E-01 5.583740E-01
9 8.944722E-07 6.609071E-07 6.712782E-07 6.779275E-07 1.051817E-01 3.364442E-01 5.583740E-01
10 4.798399E-07 9.704877E-07 9.857388E-07 9.955048E-07 1.051817E-01 3.364442E-01 5.583740E-01
11 1.726599E-07 5.593100E-07 5.681018E-07 5.737305E-07 1.051817E-01 3.364442E-01 5.583740E-01
12 2.173287E-08 4.753034E-08 4.827752E-08 4.875585E-08 1.051817E-01 3.364442E-01 5.583740E-01
##---
20 0.68 0.7  : i wavelength min & max
# iz ExtRayleigh absg(1) absg(2) absg(3) wkd(1) wkd(2) wkd(3)
1 4.827406E-06 4.618452E-05 3.733867E-06 6.714806E-07 1.460013E-01 3.534956E-01 5.005032E-01
2 4.239068E-06 3.602520E-05 2.925801E-06 5.357041E-07 1.459763E-01 3.534940E-01 5.005296E-01
3 3.756132E-06 2.758757E-05 2.238651E-06 4.180323E-07 1.461214E-01 3.535031E-01 5.003755E-01
4 3.334572E-06 2.086257E-05 1.690306E-06 3.250614E-07 1.463828E-01 3.535195E-01 5.000977E-01
5 2.812861E-06 1.369712E-05 1.114074E-06 2.300898E-07 1.469697E-01 3.535564E-01 4.994740E-01
6 2.226422E-06 7.904862E-06 6.899282E-07 1.869681E-07 1.483417E-01 3.536425E-01 4.980159E-01
7 1.702756E-06 4.569404E-06 5.306070E-07 2.465974E-07 1.505328E-01 3.537800E-01 4.956871E-01
8 1.254350E-06 2.630725E-06 4.317888E-07 2.763009E-07 1.516112E-01 3.538477E-01 4.945411E-01
9 7.939993E-07 1.368449E-06 4.936620E-07 4.316338E-07 1.529876E-01 3.539341E-01 4.930783E-01
10 4.259412E-07 8.970209E-07 6.380308E-07 6.201694E-07 1.530540E-01 3.539383E-01 4.930078E-01
11 1.532656E-07 3.868447E-07 3.575329E-07 3.557853E-07 1.527507E-01 3.539193E-01 4.933301E-01
12 1.929170E-08 3.046497E-08 3.019473E-08 3.020127E-08 1.522722E-01 3.538892E-01 4.938386E-01
##---
21 0.7 0.8  : i wavelength min & max
# iz ExtRayleigh absg(1) absg(2) absg(3) wkd(1) wkd(2) wkd(3)
1 3.475793E-06 2.034945E-04 1.568978E-05 2.563409E-06 1.452819E-01 3.543144E-01 5.004036E-01
2 3.052183E-06 1.584009E-04 1.222483E-05 2.000847E-06 1.452790E-01 3.543147E-01 5.004063E-01
3 2.704463E-06 1.224754E-04 9.412046E-06 1.535364E-06 1.452958E-01 3.543131E-01 5.003911E-01
4 2.400934E-06 9.407329E-05 7.181335E-06 1.165631E-06 1.453262E-01 3.543102E-01 5.003635E-01
5 2.025296E-06 6.339150E-05 4.789898E-06 7.732596E-07 1.453908E-01 3.543041E-01 5.003050E-01
6 1.603052E-06 3.747913E-05 2.819103E-06 4.649326E-07 1.454834E-01 3.542953E-01 5.002213E-01
7 1.226006E-06 2.148861E-05 1.651758E-06 3.088515E-07 1.455479E-01 3.542892E-01 5.001630E-01
8 9.031479E-07 1.184035E-05 9.502202E-07 2.141341E-07 1.455818E-01 3.542860E-01 5.001323E-01
9 5.716896E-07 4.855424E-06 4.809959E-07 1.876363E-07 1.456397E-01 3.542804E-01 5.000799E-01
10 3.066831E-07 1.588435E-06 2.947188E-07 2.116068E-07 1.456425E-01 3.542801E-01 5.000773E-01
11 1.103532E-07 2.661576E-07 1.216232E-07 1.144596E-07 1.456271E-01 3.542816E-01 5.000912E-01
12 1.389027E-08 1.057353E-08 9.440837E-09 9.587451E-09 1.456029E-01 3.542839E-01 5.001131E-01
##---
22 0.8 0.9  : i wavelength min & max
# iz ExtRayleigh absg(1) absg(2) absg(3) wkd(1) wkd(2) wkd(3)
1 2.092949E-06 1.750159E-05 1.664960E-06 3.679501E-07 1.628235E-01 3.566828E-01 4.804940E-01
2 1.837872E-06 1.385916E-05 1.317572E-06 2.899095E-07 1.628235E-01 3.566828E-01 4.804940E-01
3 1.628492E-06 9.354263E-06 8.892200E-07 1.951519E-07 1.628235E-01 3.566828E-01 4.804940E-01
4 1.445722E-06 5.588202E-06 5.312751E-07 1.163626E-07 1.628235E-01 3.566828E-01 4.804940E-01
5 1.219532E-06 2.067517E-06 1.967760E-07 4.309767E-08 1.628235E-01 3.566828E-01 4.804940E-01
6 9.652778E-07 3.369273E-07 3.213271E-08 7.050615E-09 1.628235E-01 3.566828E-01 4.804940E-01
7 7.382396E-07 3.955652E-08 3.774975E-09 8.259435E-10 1.628235E-01 3.566828E-01 4.804940E-01
8 5.438305E-07 1.082662E-08 1.031732E-09 2.235181E-10 1.628235E-01 3.566828E-01 4.804940E-01
9 3.442429E-07 1.865668E-09 1.773212E-10 3.778541E-11 1.628235E-01 3.566828E-01 4.804940E-01
10 1.846692E-07 5.259461E-10 4.984740E-11 1.041382E-11 1.628235E-01 3.566828E-01 4.804940E-01
11 6.644918E-08 7.180291E-11 6.773859E-12 1.368194E-12 1.628235E-01 3.566828E-01 4.804940E-01
12 8.364024E-09 1.113700E-12 1.040640E-13 1.964840E-14 1.628235E-01 3.566828E-01 4.804940E-01
##---
23 0.9 1  : i wavelength min & max
# iz ExtRayleigh absg(1) absg(2) absg(3) wkd(1) wkd(2) wkd(3)
1 1.335196E-06 3.368332E-04 3.215126E-05 7.040118E-06 1.793600E-01 3.548641E-01 4.657762E-01
2 1.172470E-06 2.647954E-04 2.525859E-05 5.516548E-06 1.793600E-01 3.548641E-01 4.657762E-01
3 1.038896E-06 1.770817E-04 1.688988E-05 3.687250E-06 1.793600E-01 3.548641E-01 4.657762E-01
4 9.222981E-07 1.047264E-04 9.989552E-06 2.181571E-06 1.793600E-01 3.548641E-01 4.657761E-01
5 7.780000E-07 3.804859E-05 3.633170E-06 7.967354E-07 1.793600E-01 3.548641E-01 4.657761E-01
6 6.157986E-07 6.037418E-06 5.776891E-07 1.277116E-07 1.793600E-01 3.548641E-01 4.657762E-01
7 4.709597E-07 6.919835E-07 6.625874E-08 1.468802E-08 1.793600E-01 3.548641E-01 4.657761E-01
8 3.469365E-07 1.858571E-07 1.776922E-08 3.915827E-09 1.793600E-01 3.548641E-01 4.657761E-01
9 2.196096E-07 3.118500E-08 2.972799E-09 6.476176E-10 1.793600E-01 3.548641E-01 4.657762E-01
10 1.178097E-07 8.468973E-09 8.046244E-10 1.729473E-10 1.793600E-01 3.548641E-01 4.657761E-01
11 4.239123E-08 1.082746E-09 1.022433E-10 2.143259E-11 1.793600E-01 3.548641E-01 4.657762E-01
12 5.335826E-09 1.495662E-11 1.391598E-12 2.736012E-13 1.793600E-01 3.548641E-01 4.657761E-01
##---
24 1 1.1  : i wavelength min & max
# iz ExtRayleigh absg(1) absg(2) absg(3) wkd(1) wkd(2) wkd(3)
1 8.917367E-07 1.261438E-05 1.096624E-06 2.277336E-07 1.591973E-01 3.409610E-01 4.998417E-01
2 7.830567E-07 9.953606E-06 8.640731E-07 1.786818E-07 1.590989E-01 3.409040E-01 4.999970E-01
3 6.938470E-07 6.716511E-06 5.811110E-07 1.195806E-07 1.584475E-01 3.405433E-01 5.010093E-01
4 6.159747E-07 4.021152E-06 3.462841E-07 7.084279E-08 1.574262E-01 3.399821E-01 5.025917E-01
5 5.196024E-07 1.499010E-06 1.281035E-07 2.602336E-08 1.553164E-01 3.388366E-01 5.058469E-01
6 4.112731E-07 2.503539E-07 2.133837E-08 4.313284E-09 1.518554E-01 3.370020E-01 5.111427E-01
7 3.145396E-07 3.199310E-08 2.881952E-09 5.910842E-10 1.490015E-01 3.355525E-01 5.154461E-01
8 2.317083E-07 9.669228E-09 9.405881E-10 1.968344E-10 1.479941E-01 3.350526E-01 5.169534E-01
9 1.466706E-07 2.145448E-09 2.445460E-10 5.346041E-11 1.469825E-01 3.345654E-01 5.184521E-01
10 7.868149E-08 6.521714E-10 7.863476E-11 1.740474E-11 1.463761E-01 3.342113E-01 5.194126E-01
11 2.831180E-08 9.301449E-11 1.183543E-11 2.643890E-12 1.454243E-01 3.336229E-01 5.209528E-01
12 3.563636E-09 1.665852E-12 2.354511E-13 5.355813E-14 1.435316E-01 3.324609E-01 5.240075E-01
##---
25 1.1 1.2  : i wavelength min & max
# iz ExtRayleigh absg(1) absg(2) absg(3) wkd(1) wkd(2) wkd(3)
1 6.181889E-07 8.855489E-04 8.507206E-05 1.909869E-05 1.841479E-01 3.534289E-01 4.624231E-01
2 5.428475E-07 6.984017E-04 6.703133E-05 1.499533E-05 1.841479E-01 3.534289E-01 4.624231E-01
3 4.810036E-07 4.692929E-04 4.502339E-05 1.005611E-05 1.841479E-01 3.534289E-01 4.624231E-01
4 4.270193E-07 2.790418E-04 2.676459E-05 5.972520E-06 1.841479E-01 3.534289E-01 4.624231E-01
5 3.602100E-07 1.024313E-04 9.829835E-06 2.197840E-06 1.841479E-01 3.534289E-01 4.624231E-01
6 2.851116E-07 1.650158E-05 1.585585E-06 3.562447E-07 1.841479E-01 3.534289E-01 4.624231E-01
7 2.180519E-07 1.914923E-06 1.839915E-07 4.133226E-08 1.841479E-01 3.534289E-01 4.624231E-01
8 1.606298E-07 5.184110E-07 4.970675E-08 1.107725E-08 1.841479E-01 3.534289E-01 4.624231E-01
9 1.016781E-07 8.788512E-08 8.395911E-09 1.844600E-09 1.841479E-01 3.534289E-01 4.624231E-01
10 5.454527E-08 2.421745E-08 2.303708E-09 4.976289E-10 1.841479E-01 3.534289E-01 4.624231E-01
11 1.962692E-08 3.171696E-09 2.994889E-10 6.276850E-11 1.841479E-01 3.534289E-01 4.624231E-01
12 2.470461E-09 4.527502E-11 4.207916E-12 8.232647E-13 1.841479E-01 3.534289E-01 4.624231E-01
##---
26 1.2 1.3  : i wavelength min & max
# iz ExtRayleigh absg(1) absg(2) absg(3) wkd(1) wkd(2) wkd(3)
1 4.420206E-07 1.850046E-05 1.823658E-06 4.405646E-07 1.712472E-01 3.456026E-01 4.831503E-01
2 3.881497E-07 1.452092E-05 1.431071E-06 3.448721E-07 1.709752E-01 3.454468E-01 4.835781E-01
3 3.439297E-07 1.049462E-05 1.028774E-06 2.421314E-07 1.688593E-01 3.443714E-01 4.867692E-01
4 3.053296E-07 7.235317E-06 7.021639E-07 1.584376E-07 1.651121E-01 3.424579E-01 4.924300E-01
5 2.575592E-07 4.064590E-06 3.842144E-07 7.861836E-08 1.558564E-01 3.376830E-01 5.064605E-01
6 2.038620E-07 2.114053E-06 1.867342E-07 3.219897E-08 1.372835E-01 3.281091E-01 5.346075E-01
7 1.559126E-07 1.268117E-06 1.038613E-07 1.612672E-08 1.212189E-01 3.199840E-01 5.587971E-01
8 1.148544E-07 7.262881E-07 5.858868E-08 8.970063E-09 1.164867E-01 3.176024E-01 5.659111E-01
9 7.270243E-08 3.075554E-07 2.476233E-08 3.792924E-09 1.125689E-01 3.156307E-01 5.718004E-01
10 3.900125E-08 9.605435E-08 7.963859E-09 1.250147E-09 1.114437E-01 3.150348E-01 5.735216E-01
11 1.403374E-08 1.226769E-08 1.085073E-09 1.786536E-10 1.102130E-01 3.143546E-01 5.754324E-01
12 1.766442E-09 1.839397E-10 1.876806E-11 3.364681E-12 1.081423E-01 3.131951E-01 5.786626E-01
##---
27 1.3 1.4  : i wavelength min & max
# iz ExtRayleigh absg(1) absg(2) absg(3) wkd(1) wkd(2) wkd(3)
1 3.244116E-07 2.040179E-02 1.925093E-03 4.028262E-04 1.960721E-01 3.485506E-01 4.553772E-01
2 2.848741E-07 1.593618E-02 1.503339E-03 3.142554E-04 1.960672E-01 3.485482E-01 4.553845E-01
3 2.524198E-07 1.051868E-02 9.926906E-04 2.079405E-04 1.960355E-01 3.485331E-01 4.554313E-01
4 2.240901E-07 6.124918E-03 5.783679E-04 1.215298E-04 1.959690E-01 3.485013E-01 4.555295E-01
5 1.890300E-07 2.155378E-03 2.038529E-04 4.323281E-05 1.957132E-01 3.483787E-01 4.559078E-01
6 1.496201E-07 3.279760E-04 3.098305E-05 6.643837E-06 1.941952E-01 3.476517E-01 4.581530E-01
7 1.144287E-07 3.737907E-05 3.463413E-06 7.311181E-07 1.883266E-01 3.448412E-01 4.668321E-01
8 8.429491E-08 1.013611E-05 9.218472E-07 1.901974E-07 1.835714E-01 3.425640E-01 4.738645E-01
9 5.335839E-08 1.740523E-06 1.538572E-07 3.059179E-08 1.765019E-01 3.391786E-01 4.843194E-01
10 2.862413E-08 4.666558E-07 4.083021E-08 7.984162E-09 1.741533E-01 3.380538E-01 4.877928E-01
11 1.029976E-08 5.809807E-08 5.024539E-09 9.581670E-10 1.719286E-01 3.369883E-01 4.910831E-01
12 1.296442E-09 8.130962E-10 6.855481E-11 1.213138E-11 1.681924E-01 3.351987E-01 4.966088E-01
##---
28 1.4 1.5  : i wavelength min & max
# iz ExtRayleigh absg(1) absg(2) absg(3) wkd(1) wkd(2) wkd(3)
1 2.434663E-07 4.812574E-03 4.593865E-04 1.006558E-04 1.959098E-01 3.486112E-01 4.554789E-01
2 2.137940E-07 3.759390E-03 3.587471E-04 7.851285E-05 1.959030E-01 3.486112E-01 4.554857E-01
3 1.894375E-07 2.482935E-03 2.370773E-04 5.200883E-05 1.958425E-01 3.486115E-01 4.555459E-01
4 1.681765E-07 1.447681E-03 1.383492E-04 3.045866E-05 1.957161E-01 3.486121E-01 4.556718E-01
5 1.418644E-07 5.118522E-04 4.904599E-05 1.091217E-05 1.952652E-01 3.486140E-01 4.561207E-01
6 1.122878E-07 7.993035E-05 7.696754E-06 1.733011E-06 1.930480E-01 3.486238E-01 4.583282E-01
7 8.587716E-08 1.028649E-05 1.015706E-06 2.233242E-07 1.871110E-01 3.486498E-01 4.642392E-01
8 6.326215E-08 3.250137E-06 3.329887E-07 7.067081E-08 1.834097E-01 3.486660E-01 4.679242E-01
9 4.004472E-08 8.078391E-07 8.846540E-08 1.771413E-08 1.779919E-01 3.486898E-01 4.733183E-01
10 2.148201E-08 2.485206E-07 2.766753E-08 5.443663E-09 1.763655E-01 3.486969E-01 4.749376E-01
11 7.729830E-09 3.499220E-08 3.939445E-09 7.617670E-10 1.749849E-01 3.487029E-01 4.763121E-01
12 9.729615E-10 6.796970E-10 7.797571E-11 1.452910E-11 1.717039E-01 3.487174E-01 4.795788E-01
##---
29 1.5 1.6  : i wavelength min & max
# iz ExtRayleigh absg(1) absg(2) absg(3) wkd(1) wkd(2) wkd(3)
1 1.862781E-07 2.730720E-05 2.861248E-06 9.168007E-07 1.631208E-01 3.487550E-01 4.881242E-01
2 1.635756E-07 2.147687E-05 2.248732E-06 7.167575E-07 1.629913E-01 3.487556E-01 4.882531E-01
3 1.449402E-07 1.505255E-05 1.581689E-06 4.928440E-07 1.619693E-01 3.487600E-01 4.892707E-01
4 1.286732E-07 9.833108E-06 1.040094E-06 3.102959E-07 1.603675E-01 3.487671E-01 4.908654E-01
5 1.085416E-07 4.842647E-06 5.213292E-07 1.390522E-07 1.571522E-01 3.487812E-01 4.940666E-01
6 8.591233E-08 2.020655E-06 2.211587E-07 4.667927E-08 1.517418E-01 3.488049E-01 4.994533E-01
7 6.570532E-08 1.082579E-06 1.161790E-07 2.116618E-08 1.459151E-01 3.488305E-01 5.052545E-01
8 4.840239E-08 6.358546E-07 6.722913E-08 1.190865E-08 1.434016E-01 3.488415E-01 5.077569E-01
9 3.063855E-08 2.892246E-07 3.006318E-08 5.231767E-09 1.407971E-01 3.488528E-01 5.103500E-01
10 1.643606E-08 1.002369E-07 1.037515E-08 1.800056E-09 1.401827E-01 3.488556E-01 5.109618E-01
11 5.914156E-09 1.534830E-08 1.583202E-09 2.740418E-10 1.396940E-01 3.488577E-01 5.114484E-01
12 7.444207E-10 3.460938E-10 3.542320E-11 6.104570E-12 1.385994E-01 3.488626E-01 5.125381E-01
##---
30 1.6 1.7  : i wavelength min & max
# iz ExtRayleigh absg(1) absg(2) absg(3) wkd(1) wkd(2) wkd(3)
1 1.449457E-07 7.671528E-06 1.347632E-06 7.164489E-07 1.547435E-01 3.494256E-01 4.958310E-01
2 1.272805E-07 6.110284E-06 1.063253E-06 5.595522E-07 1.545621E-01 3.494436E-01 4.959943E-01
3 1.127801E-07 4.761695E-06 7.831137E-07 3.867112E-07 1.531897E-01 3.495955E-01 4.972149E-01
4 1.001225E-07 3.680925E-06 5.551552E-07 2.453284E-07 1.510308E-01 3.498527E-01 4.991165E-01
5 8.445781E-08 2.508544E-06 3.243169E-07 1.117028E-07 1.466621E-01 3.504414E-01 5.028965E-01
6 6.684963E-08 1.537367E-06 1.663276E-07 3.802839E-08 1.403033E-01 3.514634E-01 5.082333E-01
7 5.112626E-08 9.326085E-07 9.368731E-08 1.731339E-08 1.366484E-01 3.521401E-01 5.112115E-01
8 3.766260E-08 5.510190E-07 5.466179E-08 9.755466E-09 1.358264E-01 3.522737E-01 5.118998E-01
9 2.384030E-08 2.488982E-07 2.450372E-08 4.290687E-09 1.351955E-01 3.523332E-01 5.124714E-01
10 1.278914E-08 8.574695E-08 8.427255E-09 1.470957E-09 1.348673E-01 3.522636E-01 5.128692E-01
11 4.601890E-09 1.304070E-08 1.278548E-09 2.224757E-10 1.343209E-01 3.521043E-01 5.135747E-01
12 5.792446E-10 2.917764E-10 2.839968E-11 4.907831E-12 1.329921E-01 3.516979E-01 5.153100E-01
##---
31 1.7 1.8  : i wavelength min & max
# iz ExtRayleigh absg(1) absg(2) absg(3) wkd(1) wkd(2) wkd(3)
1 1.144721E-07 1.958170E-04 2.073309E-05 6.303281E-06 1.984978E-01 3.474985E-01 4.540038E-01
2 1.005209E-07 1.524241E-04 1.613499E-05 4.902509E-06 1.984977E-01 3.474985E-01 4.540038E-01
3 8.906900E-08 9.957875E-05 1.057095E-05 3.235263E-06 1.984972E-01 3.474986E-01 4.540043E-01
4 7.907256E-08 5.723665E-05 6.100545E-06 1.886125E-06 1.984961E-01 3.474989E-01 4.540051E-01
5 6.670125E-08 1.956354E-05 2.110001E-06 6.715896E-07 1.984920E-01 3.474998E-01 4.540083E-01
6 5.279505E-08 2.833124E-06 3.120907E-07 1.043539E-07 1.984664E-01 3.475057E-01 4.540279E-01
7 4.037739E-08 3.043820E-07 3.398766E-08 1.172422E-08 1.983321E-01 3.475367E-01 4.541313E-01
8 2.974435E-08 7.972962E-08 8.895270E-09 3.068218E-09 1.981779E-01 3.475723E-01 4.542499E-01
9 1.882807E-08 1.306619E-08 1.448074E-09 4.939692E-10 1.978811E-01 3.476407E-01 4.544783E-01
10 1.010033E-08 3.408622E-09 3.761522E-10 1.271781E-10 1.978401E-01 3.476501E-01 4.545098E-01
11 3.634381E-09 4.115373E-10 4.488230E-11 1.477233E-11 1.978794E-01 3.476411E-01 4.544796E-01
12 4.574632E-10 5.809985E-12 5.970675E-13 1.686959E-13 1.979978E-01 3.476138E-01 4.543885E-01
##---
32 1.8 1.9  : i wavelength min & max
# iz ExtRayleigh absg(1) absg(2) absg(3) wkd(1) wkd(2) wkd(3)
1 9.160544E-08 3.923179E-02 3.713463E-03 7.861365E-04 1.984980E-01 3.474981E-01 4.540037E-01
2 8.044108E-08 3.053860E-02 2.890378E-03 6.116840E-04 1.984980E-01 3.474981E-01 4.540038E-01
3 7.127682E-08 1.994646E-02 1.889906E-03 4.017338E-04 1.984977E-01 3.474981E-01 4.540041E-01
4 6.327724E-08 1.146140E-02 1.087635E-03 2.326590E-04 1.984968E-01 3.474983E-01 4.540049E-01
5 5.337719E-08 3.913788E-03 3.730082E-04 8.118836E-05 1.984937E-01 3.474985E-01 4.540077E-01
6 4.224885E-08 5.658224E-04 5.433678E-05 1.218292E-05 1.984745E-01 3.475003E-01 4.540251E-01
7 3.231171E-08 6.075453E-05 5.862921E-06 1.339735E-06 1.983660E-01 3.475101E-01 4.541239E-01
8 2.380270E-08 1.593186E-05 1.537022E-06 3.510863E-07 1.982140E-01 3.475238E-01 4.542621E-01
9 1.506703E-08 2.622773E-06 2.523979E-07 5.719469E-08 1.977867E-01 3.475624E-01 4.546508E-01
10 8.082713E-09 6.857708E-07 6.588557E-08 1.484273E-08 1.976326E-01 3.475763E-01 4.547911E-01
11 2.908387E-09 8.302037E-08 7.942070E-09 1.760295E-09 1.975315E-01 3.475854E-01 4.548830E-01
12 3.660816E-10 1.183511E-09 1.109343E-10 2.262905E-11 1.972576E-01 3.476101E-01 4.551322E-01
##---
33 1.9 2  : i wavelength min & max
# iz ExtRayleigh absg(1) absg(2) absg(3) wkd(1) wkd(2) wkd(3)
1 7.417588E-08 1.139991E-02 1.009404E-03 2.123476E-04 1.835421E-01 3.488143E-01 4.676435E-01
2 6.513574E-08 8.880728E-03 7.859737E-04 1.652522E-04 1.834532E-01 3.488217E-01 4.677250E-01
3 5.771514E-08 5.866697E-03 5.170896E-04 1.089036E-04 1.821977E-01 3.489286E-01 4.688736E-01
4 5.123762E-08 3.443849E-03 3.015090E-04 6.357072E-05 1.800561E-01 3.491095E-01 4.708343E-01
5 4.322124E-08 1.250926E-03 1.084676E-04 2.292519E-05 1.752732E-01 3.495015E-01 4.752253E-01
6 3.421026E-08 2.296013E-04 2.030227E-05 4.183342E-06 1.668523E-01 3.501411E-01 4.830066E-01
7 2.616384E-08 5.096280E-05 4.972710E-06 9.376066E-07 1.606521E-01 3.505853E-01 4.887626E-01
8 1.927381E-08 2.319069E-05 2.356405E-06 4.276829E-07 1.589783E-01 3.507234E-01 4.902984E-01
9 1.220026E-08 8.677828E-06 9.069856E-07 1.599213E-07 1.575088E-01 3.508696E-01 4.916215E-01
10 6.544834E-09 2.758090E-06 2.893109E-07 5.081131E-08 1.573085E-01 3.509566E-01 4.917349E-01
11 2.355015E-09 3.738021E-07 3.927782E-08 6.881335E-09 1.572693E-01 3.510711E-01 4.916597E-01
12 2.964281E-10 6.951312E-09 7.322470E-10 1.273687E-10 1.570620E-01 3.511986E-01 4.917394E-01
##---
34 2 2.1  : i wavelength min & max
# iz ExtRayleigh absg(1) absg(2) absg(3) wkd(1) wkd(2) wkd(3)
1 6.070276E-08 1.185343E-03 1.093927E-04 1.939463E-05 1.356468E-01 3.531072E-01 5.112459E-01
2 5.330465E-08 9.347678E-04 8.624042E-05 1.527684E-05 1.356112E-01 3.531097E-01 5.112790E-01
3 4.723191E-08 7.325046E-04 6.733438E-05 1.182407E-05 1.351556E-01 3.531457E-01 5.116987E-01
4 4.193095E-08 5.713612E-04 5.225471E-05 9.063913E-06 1.345327E-01 3.531946E-01 5.122728E-01
5 3.537064E-08 3.871890E-04 3.514302E-05 5.986344E-06 1.336157E-01 3.532617E-01 5.131226E-01
6 2.799640E-08 2.252647E-04 2.031267E-05 3.404795E-06 1.328626E-01 3.533071E-01 5.138302E-01
7 2.141151E-08 1.285209E-04 1.156619E-05 1.928753E-06 1.326477E-01 3.533144E-01 5.140379E-01
8 1.577297E-08 7.313702E-05 6.580323E-06 1.096564E-06 1.326238E-01 3.533185E-01 5.140576E-01
9 9.984236E-09 3.149884E-05 2.833748E-06 4.720704E-07 1.326181E-01 3.533275E-01 5.140543E-01
10 5.356047E-09 1.019326E-05 9.171018E-07 1.527940E-07 1.326393E-01 3.533504E-01 5.140103E-01
11 1.927256E-09 1.394069E-06 1.254458E-07 2.090416E-08 1.326748E-01 3.533865E-01 5.139387E-01
12 2.425856E-10 2.636320E-08 2.372636E-09 3.954361E-10 1.327087E-01 3.534219E-01 5.138693E-01
##---
35 2.1 2.2  : i wavelength min & max
# iz ExtRayleigh absg(1) absg(2) absg(3) wkd(1) wkd(2) wkd(3)
1 5.015531E-08 1.549476E-05 2.681650E-06 1.571705E-06 1.564973E-01 3.332008E-01 5.103018E-01
2 4.404266E-08 1.215750E-05 2.095828E-06 1.223467E-06 1.561278E-01 3.330670E-01 5.108052E-01
3 3.902510E-08 8.678743E-06 1.460543E-06 8.283223E-07 1.523590E-01 3.317984E-01 5.158426E-01
4 3.464521E-08 5.885248E-06 9.455892E-07 5.056388E-07 1.462633E-01 3.298174E-01 5.239193E-01
5 2.922480E-08 3.201284E-06 4.594596E-07 2.072664E-07 1.333680E-01 3.257261E-01 5.409058E-01
6 2.313186E-08 1.597249E-06 1.859071E-07 5.400631E-08 1.151184E-01 3.204294E-01 5.644522E-01
7 1.769113E-08 9.128500E-07 9.434521E-08 1.933897E-08 1.060697E-01 3.183973E-01 5.755330E-01
8 1.303233E-08 5.133937E-07 5.184494E-08 9.923713E-09 1.048481E-01 3.184808E-01 5.766711E-01
9 8.249418E-09 2.113934E-07 2.099057E-08 3.852410E-09 1.047505E-01 3.191646E-01 5.760849E-01
10 4.425403E-09 6.011835E-08 5.867497E-09 1.063139E-09 1.072262E-01 3.216698E-01 5.711039E-01
11 1.592384E-09 6.365924E-09 6.009565E-10 1.063932E-10 1.130933E-01 3.274622E-01 5.594445E-01
12 2.004350E-10 7.654222E-11 6.977973E-12 1.184742E-12 1.248717E-01 3.394050E-01 5.357234E-01
##---
36 2.2 2.3  : i wavelength min & max
# iz ExtRayleigh absg(1) absg(2) absg(3) wkd(1) wkd(2) wkd(3)
1 4.180301E-08 4.702699E-05 5.714138E-06 2.160782E-06 1.491185E-01 3.479075E-01 5.029741E-01
2 3.670829E-08 3.746952E-05 4.526597E-06 1.693974E-06 1.490793E-01 3.479483E-01 5.029724E-01
3 3.252630E-08 2.975616E-05 3.462600E-06 1.204961E-06 1.484378E-01 3.479920E-01 5.035701E-01
4 2.887579E-08 2.355758E-05 2.601486E-06 8.069851E-07 1.474792E-01 3.480509E-01 5.044699E-01
5 2.435802E-08 1.652750E-05 1.686132E-06 4.224129E-07 1.456045E-01 3.480077E-01 5.063878E-01
6 1.927974E-08 1.018278E-05 9.679229E-07 1.884386E-07 1.433245E-01 3.477230E-01 5.089524E-01
7 1.474505E-08 6.008376E-06 5.591289E-07 9.899753E-08 1.423707E-01 3.474701E-01 5.101592E-01
8 1.086207E-08 3.385345E-06 3.139633E-07 5.481240E-08 1.423865E-01 3.475536E-01 5.100598E-01
9 6.875652E-09 1.390762E-06 1.286360E-07 2.226575E-08 1.426055E-01 3.477731E-01 5.096215E-01
10 3.688446E-09 3.983518E-07 3.668418E-08 6.315635E-09 1.436957E-01 3.486833E-01 5.076210E-01
11 1.327206E-09 4.210385E-08 3.847136E-09 6.563424E-10 1.461234E-01 3.507022E-01 5.031744E-01
12 1.670568E-10 4.126177E-10 3.738186E-11 6.307786E-12 1.498910E-01 3.538296E-01 4.962794E-01
##---
37 2.3 2.4  : i wavelength min & max
# iz ExtRayleigh absg(1) absg(2) absg(3) wkd(1) wkd(2) wkd(3)
1 3.511962E-08 1.601072E-04 1.610719E-05 4.457861E-06 1.675022E-01 3.545365E-01 4.779613E-01
2 3.083944E-08 1.264264E-04 1.270276E-05 3.496164E-06 1.673404E-01 3.545782E-01 4.780814E-01
3 2.732605E-08 9.404608E-05 9.361489E-06 2.470992E-06 1.660770E-01 3.548706E-01 4.790523E-01
4 2.425918E-08 6.807212E-05 6.674523E-06 1.643769E-06 1.641675E-01 3.553104E-01 4.805220E-01
5 2.046371E-08 4.160430E-05 3.964970E-06 8.533482E-07 1.605925E-01 3.561299E-01 4.832775E-01
6 1.619733E-08 2.282736E-05 2.095150E-06 3.803317E-07 1.562882E-01 3.571179E-01 4.865938E-01
7 1.238764E-08 1.302205E-05 1.176771E-06 1.997091E-07 1.546800E-01 3.574951E-01 4.878249E-01
8 9.125461E-09 7.315664E-06 6.596378E-07 1.108716E-07 1.544892E-01 3.575532E-01 4.879575E-01
9 5.776386E-09 3.006912E-06 2.708093E-07 4.528161E-08 1.544191E-01 3.575923E-01 4.879885E-01
10 3.098744E-09 8.730343E-07 7.862254E-08 1.314137E-08 1.544554E-01 3.576083E-01 4.879364E-01
11 1.115015E-09 9.519328E-08 8.573170E-09 1.433141E-09 1.544753E-01 3.576156E-01 4.879090E-01
12 1.403481E-10 9.825885E-10 8.848173E-11 1.478670E-11 1.542613E-01 3.575577E-01 4.881809E-01
##---
38 2.4 2.5  : i wavelength min & max
# iz ExtRayleigh absg(1) absg(2) absg(3) wkd(1) wkd(2) wkd(3)
1 2.972040E-08 1.151266E-03 1.167722E-04 3.165559E-05 1.981235E-01 3.475831E-01 4.542934E-01
2 2.609824E-08 8.941930E-04 9.070399E-05 2.459685E-05 1.981140E-01 3.475852E-01 4.543007E-01
3 2.312500E-08 5.837284E-04 5.928846E-05 1.615488E-05 1.980351E-01 3.476031E-01 4.543617E-01
4 2.052962E-08 3.356118E-04 3.413815E-05 9.359406E-06 1.978774E-01 3.476387E-01 4.544838E-01
5 1.731766E-08 1.152240E-04 1.178110E-05 3.295895E-06 1.973687E-01 3.477532E-01 4.548780E-01
6 1.370718E-08 1.712226E-05 1.763548E-06 5.090430E-07 1.955945E-01 3.481456E-01 4.562599E-01
7 1.048319E-08 2.055481E-06 2.130482E-07 6.036183E-08 1.925698E-01 3.487515E-01 4.586787E-01
8 7.722529E-09 6.119291E-07 6.384316E-08 1.718666E-08 1.910403E-01 3.489816E-01 4.599780E-01
9 4.888335E-09 1.344171E-07 1.421836E-08 3.435654E-09 1.889172E-01 3.491348E-01 4.619479E-01
10 2.622349E-09 3.659713E-08 3.877265E-09 9.197066E-10 1.885444E-01 3.491258E-01 4.623298E-01
11 9.435949E-10 4.182048E-09 4.408527E-10 1.043861E-10 1.885977E-01 3.490912E-01 4.623111E-01
12 1.187712E-10 5.062702E-11 5.178083E-12 1.157577E-12 1.888128E-01 3.489944E-01 4.621927E-01
##---
39 2.5 2.6  : i wavelength min & max
# iz ExtRayleigh absg(1) absg(2) absg(3) wkd(1) wkd(2) wkd(3)
1 2.532023E-08 1.716527E-01 1.631931E-02 3.517061E-03 1.984979E-01 3.474972E-01 4.540049E-01
2 2.223434E-08 1.333102E-01 1.267445E-02 2.731909E-03 1.984979E-01 3.474972E-01 4.540049E-01
3 1.970129E-08 8.695412E-02 8.277493E-03 1.793128E-03 1.984974E-01 3.474971E-01 4.540055E-01
4 1.749017E-08 4.991304E-02 4.759710E-03 1.038257E-03 1.984964E-01 3.474967E-01 4.540069E-01
5 1.475374E-08 1.703767E-02 1.632437E-03 3.627551E-04 1.984924E-01 3.474951E-01 4.540124E-01
6 1.167781E-08 2.463108E-03 2.379811E-04 5.457769E-05 1.984665E-01 3.474849E-01 4.540486E-01
7 8.931129E-09 2.638716E-04 2.565159E-05 6.009129E-06 1.983124E-01 3.474232E-01 4.542643E-01
8 6.579193E-09 6.882225E-05 6.696899E-06 1.571642E-06 1.981004E-01 3.473386E-01 4.545610E-01
9 4.164606E-09 1.122080E-05 1.092126E-06 2.553279E-07 1.975175E-01 3.471087E-01 4.553738E-01
10 2.234105E-09 2.895121E-06 2.814778E-07 6.561240E-08 1.974610E-01 3.471017E-01 4.554372E-01
11 8.038937E-10 3.419405E-07 3.309116E-08 7.616275E-09 1.976500E-01 3.472056E-01 4.551444E-01
12 1.011869E-10 4.594024E-09 4.347650E-10 9.223631E-11 1.978809E-01 3.473321E-01 4.547869E-01
##---
40 2.6 2.7  : i wavelength min & max
# iz ExtRayleigh absg(1) absg(2) absg(3) wkd(1) wkd(2) wkd(3)
1 2.170523E-08 6.235965E-01 5.827242E-02 1.151992E-02 1.922058E-01 3.476691E-01 4.601251E-01
2 1.905991E-08 4.853423E-01 4.536291E-02 8.966180E-03 1.920917E-01 3.476722E-01 4.602360E-01
3 1.688851E-08 3.220207E-01 3.017481E-02 5.971855E-03 1.912227E-01 3.476956E-01 4.610817E-01
4 1.499307E-08 1.912488E-01 1.802261E-02 3.568591E-03 1.896861E-01 3.477365E-01 4.625773E-01
5 1.264733E-08 7.286330E-02 7.030217E-03 1.391190E-03 1.860432E-01 3.478316E-01 4.661251E-01
6 1.001055E-08 1.667314E-02 1.777819E-03 3.438523E-04 1.793859E-01 3.479787E-01 4.726354E-01
7 7.656020E-09 5.566199E-03 6.636170E-04 1.231505E-04 1.732385E-01 3.479370E-01 4.788245E-01
8 5.639873E-09 2.971262E-03 3.605564E-04 6.593399E-05 1.704753E-01 3.477323E-01 4.817923E-01
9 3.570020E-09 1.287126E-03 1.560114E-04 2.808226E-05 1.666883E-01 3.471075E-01 4.862041E-01
10 1.915139E-09 4.374706E-04 5.297349E-05 9.512758E-06 1.660314E-01 3.470568E-01 4.869118E-01
11 6.891207E-10 6.568073E-05 7.969500E-06 1.432087E-06 1.661627E-01 3.472733E-01 4.865640E-01
12 8.674032E-11 1.580067E-06 1.922254E-07 3.454750E-08 1.662246E-01 3.475372E-01 4.862382E-01
##---
41 2.7 2.8  : i wavelength min & max
# iz ExtRayleigh absg(1) absg(2) absg(3) wkd(1) wkd(2) wkd(3)
1 1.871307E-08 3.332015E-01 3.125234E-02 6.339954E-03 1.829551E-01 3.479283E-01 4.691166E-01
2 1.643243E-08 2.601453E-01 2.439995E-02 4.945937E-03 1.826620E-01 3.479364E-01 4.694016E-01
3 1.456036E-08 1.769414E-01 1.661004E-02 3.356517E-03 1.804176E-01 3.479985E-01 4.715839E-01
4 1.292621E-08 1.102752E-01 1.037093E-02 2.078831E-03 1.763829E-01 3.481102E-01 4.755069E-01
5 1.090384E-08 4.841255E-02 4.589391E-03 8.977998E-04 1.664367E-01 3.483854E-01 4.851778E-01
6 8.630556E-09 1.643882E-02 1.577828E-03 2.873997E-04 1.466615E-01 3.489327E-01 5.044057E-01
7 6.600606E-09 7.920752E-03 7.377375E-04 1.262704E-04 1.308123E-01 3.493713E-01 5.198164E-01
8 4.862393E-09 4.552620E-03 4.175330E-04 7.049757E-05 1.270338E-01 3.494759E-01 5.234903E-01
9 3.077878E-09 2.034915E-03 1.845543E-04 3.090924E-05 1.246835E-01 3.495409E-01 5.257755E-01
10 1.651129E-09 6.944152E-04 6.286736E-05 1.051655E-05 1.243306E-01 3.495509E-01 5.261185E-01
11 5.941226E-10 1.049107E-04 9.486107E-06 1.585469E-06 1.240901E-01 3.495578E-01 5.263521E-01
12 7.478280E-11 2.547279E-06 2.298491E-07 3.835666E-08 1.236958E-01 3.495689E-01 5.267352E-01
##---
42 2.8 2.9  : i wavelength min & max
# iz ExtRayleigh absg(1) absg(2) absg(3) wkd(1) wkd(2) wkd(3)
1 1.621929E-08 3.271404E-02 3.131030E-03 6.624976E-04 1.894592E-01 3.453942E-01 4.651467E-01
2 1.424258E-08 2.548531E-02 2.439441E-03 5.158192E-04 1.892565E-01 3.453487E-01 4.653948E-01
3 1.261999E-08 1.706400E-02 1.635128E-03 3.448434E-04 1.874241E-01 3.448694E-01 4.677064E-01
4 1.120362E-08 1.033388E-02 9.912959E-04 2.072795E-04 1.837729E-01 3.438959E-01 4.723313E-01
5 9.450754E-09 4.230151E-03 4.051686E-04 8.191510E-05 1.721347E-01 3.405780E-01 4.872873E-01
6 7.480414E-09 1.282650E-03 1.175892E-04 2.064639E-05 1.370490E-01 3.298362E-01 5.331148E-01
7 5.720984E-09 6.008908E-04 4.966097E-05 7.487615E-06 1.047791E-01 3.199074E-01 5.753136E-01
8 4.214412E-09 3.435165E-04 2.750729E-05 4.011375E-06 9.850568E-02 3.182622E-01 5.832321E-01
9 2.667708E-09 1.519062E-04 1.192188E-05 1.704105E-06 9.534070E-02 3.178385E-01 5.868209E-01
10 1.431093E-09 5.035642E-05 3.963725E-06 5.661777E-07 9.673374E-02 3.195989E-01 5.836674E-01
11 5.149475E-10 7.149777E-06 5.744705E-07 8.323786E-08 1.012634E-01 3.243535E-01 5.743831E-01
12 6.481696E-11 1.529102E-07 1.310061E-08 2.025107E-09 1.130183E-01 3.367802E-01 5.502015E-01
##---
43 2.9 3  : i wavelength min & max
# iz ExtRayleigh absg(1) absg(2) absg(3) wkd(1) wkd(2) wkd(3)
1 1.412750E-08 2.790076E-03 2.726513E-04 6.599537E-05 1.935718E-01 3.485242E-01 4.579040E-01
2 1.240572E-08 2.163613E-03 2.114679E-04 5.121863E-05 1.935281E-01 3.485026E-01 4.579694E-01
3 1.099240E-08 1.409202E-03 1.379853E-04 3.363572E-05 1.931036E-01 3.482885E-01 4.586079E-01
4 9.758693E-09 8.097143E-04 7.946748E-05 1.952472E-05 1.922051E-01 3.478349E-01 4.599599E-01
5 8.231896E-09 2.802551E-04 2.766081E-05 6.922667E-06 1.887181E-01 3.460622E-01 4.652197E-01
6 6.515670E-09 4.641431E-05 4.597743E-06 1.147307E-06 1.699278E-01 3.364193E-01 4.936530E-01
7 4.983152E-09 8.855242E-06 8.841483E-07 1.955591E-07 1.218657E-01 3.114952E-01 5.666391E-01
8 3.670881E-09 3.724106E-06 3.738315E-07 7.599696E-08 9.961796E-02 2.999654E-01 6.004165E-01
9 2.323655E-09 1.284185E-06 1.265500E-07 2.346345E-08 7.962356E-02 2.897715E-01 6.306049E-01
10 1.246526E-09 3.396625E-07 3.330054E-08 6.144264E-09 8.121546E-02 2.916024E-01 6.271821E-01
11 4.485350E-10 3.147658E-08 3.084819E-09 5.772955E-10 9.287524E-02 3.005097E-01 6.066150E-01
12 5.645755E-11 3.368155E-10 3.292924E-11 6.014283E-12 1.218477E-01 3.238547E-01 5.542976E-01
##---
44 3 3.1  : i wavelength min & max
# iz ExtRayleigh absg(1) absg(2) absg(3) wkd(1) wkd(2) wkd(3)
1 1.236237E-08 3.082362E-03 2.944541E-04 6.471765E-05 1.944286E-01 3.497708E-01 4.558006E-01
2 1.085572E-08 2.387454E-03 2.281139E-04 5.017509E-05 1.944256E-01 3.497697E-01 4.558047E-01
3 9.618978E-09 1.546973E-03 1.480528E-04 3.278015E-05 1.943983E-01 3.497596E-01 4.558420E-01
4 8.539415E-09 8.809411E-04 8.449762E-05 1.887491E-05 1.943403E-01 3.497381E-01 4.559216E-01
5 7.203380E-09 2.957750E-04 2.853627E-05 6.523885E-06 1.941122E-01 3.496509E-01 4.562368E-01
6 5.701584E-09 4.204755E-05 4.091608E-06 9.704625E-07 1.926917E-01 3.490939E-01 4.582144E-01
7 4.360543E-09 4.653649E-06 4.530256E-07 1.086054E-07 1.865579E-01 3.467299E-01 4.667121E-01
8 3.212231E-09 1.275064E-06 1.244837E-07 2.953414E-08 1.814761E-01 3.449506E-01 4.735733E-01
9 2.033332E-09 2.346079E-07 2.350211E-08 5.444795E-09 1.738729E-01 3.425005E-01 4.836267E-01
10 1.090781E-09 6.309500E-08 6.349082E-09 1.456971E-09 1.709771E-01 3.413005E-01 4.877223E-01
11 3.924938E-10 7.738733E-09 7.800156E-10 1.773337E-10 1.682956E-01 3.402620E-01 4.914424E-01
12 4.940359E-11 1.221641E-10 1.252665E-11 2.686319E-12 1.643950E-01 3.399265E-01 4.956784E-01
##---
45 3.1 3.2  : i wavelength min & max
# iz ExtRayleigh absg(1) absg(2) absg(3) wkd(1) wkd(2) wkd(3)
1 1.086454E-08 1.731640E-03 1.691190E-04 4.171530E-05 1.915562E-01 3.502907E-01 4.581531E-01
2 9.540434E-09 1.342772E-03 1.311359E-04 3.236724E-05 1.914661E-01 3.502890E-01 4.582449E-01
3 8.453538E-09 8.773360E-04 8.570967E-05 2.129028E-05 1.908787E-01 3.503535E-01 4.587679E-01
4 7.504776E-09 5.080410E-04 4.960317E-05 1.240589E-05 1.897757E-01 3.504678E-01 4.597564E-01
5 6.330616E-09 1.806688E-04 1.761787E-05 4.460168E-06 1.866383E-01 3.507194E-01 4.626423E-01
6 5.010778E-09 3.383457E-05 3.289685E-06 7.962480E-07 1.774697E-01 3.500741E-01 4.724562E-01
7 3.832218E-09 9.154565E-06 8.773513E-07 1.714412E-07 1.562568E-01 3.395701E-01 5.041731E-01
8 2.823036E-09 4.997139E-06 4.616710E-07 7.979420E-08 1.355229E-01 3.237515E-01 5.407256E-01
9 1.786972E-09 2.904340E-06 2.484902E-07 3.880537E-08 9.295911E-02 2.859373E-01 6.211035E-01
10 9.586220E-10 1.772126E-06 1.535834E-07 2.496963E-08 5.784589E-02 2.516852E-01 6.904689E-01
11 3.449391E-10 5.047336E-07 4.547599E-08 7.573987E-09 3.947598E-02 2.335246E-01 7.269994E-01
12 4.341784E-11 1.595860E-08 1.461800E-09 2.446363E-10 3.180056E-02 2.259151E-01 7.422842E-01
##---
46 3.2 3.3  : i wavelength min & max
# iz ExtRayleigh absg(1) absg(2) absg(3) wkd(1) wkd(2) wkd(3)
1 9.586876E-09 3.115581E-03 2.952490E-04 6.522385E-05 1.884441E-01 3.507482E-01 4.608076E-01
2 8.418481E-09 2.421992E-03 2.294563E-04 5.068017E-05 1.882426E-01 3.507320E-01 4.610253E-01
3 7.459406E-09 1.611947E-03 1.525182E-04 3.370457E-05 1.869973E-01 3.508373E-01 4.621653E-01
4 6.622217E-09 9.687563E-04 9.136873E-05 2.011620E-05 1.846574E-01 3.510202E-01 4.643224E-01
5 5.586138E-09 3.897094E-04 3.644944E-05 7.863950E-06 1.780868E-01 3.513767E-01 4.705365E-01
6 4.421512E-09 1.131335E-04 1.038155E-05 2.007602E-06 1.617516E-01 3.500235E-01 4.882249E-01
7 3.381551E-09 5.154256E-05 4.643576E-06 7.961712E-07 1.426183E-01 3.408661E-01 5.165156E-01
8 2.491048E-09 3.026649E-05 2.740308E-06 4.661712E-07 1.319312E-01 3.315869E-01 5.364819E-01
9 1.576825E-09 1.568069E-05 1.542874E-06 2.856388E-07 1.117565E-01 3.112330E-01 5.770106E-01
10 8.458884E-10 8.034617E-06 9.769610E-07 2.011140E-07 8.668885E-02 2.846259E-01 6.286852E-01
11 3.043744E-10 2.314456E-06 3.074771E-07 6.102299E-08 6.154089E-02 2.578628E-01 6.805962E-01
12 3.831191E-11 8.951566E-08 1.056191E-08 1.918713E-09 4.195707E-02 2.370095E-01 7.210333E-01
##---
47 3.3 3.4  : i wavelength min & max
# iz ExtRayleigh absg(1) absg(2) absg(3) wkd(1) wkd(2) wkd(3)
1 8.491649E-09 1.210278E-03 1.153118E-04 2.577586E-05 1.756309E-01 3.533092E-01 4.710598E-01
2 7.456735E-09 9.499353E-04 9.047472E-05 2.017683E-05 1.753339E-01 3.533249E-01 4.713411E-01
3 6.607225E-09 6.790410E-04 6.452396E-05 1.416200E-05 1.734320E-01 3.536059E-01 4.729622E-01
4 5.865679E-09 4.631281E-04 4.380292E-05 9.325118E-06 1.704002E-01 3.540373E-01 4.755624E-01
5 4.947965E-09 2.545174E-04 2.379496E-05 4.721352E-06 1.642168E-01 3.547987E-01 4.809844E-01
6 3.916388E-09 1.268529E-04 1.159452E-05 2.060447E-06 1.554764E-01 3.546271E-01 4.898965E-01
7 2.995234E-09 7.312869E-05 6.619244E-06 1.123445E-06 1.477806E-01 3.497438E-01 5.024756E-01
8 2.206465E-09 4.327269E-05 3.925614E-06 6.658728E-07 1.412050E-01 3.431406E-01 5.156544E-01
9 1.396685E-09 2.192945E-05 2.042884E-06 3.573296E-07 1.207446E-01 3.214592E-01 5.577961E-01
10 7.492521E-10 1.077333E-05 1.108011E-06 2.058918E-07 8.725370E-02 2.856416E-01 6.271047E-01
11 2.696020E-10 2.762134E-06 3.089075E-07 5.717894E-08 5.890537E-02 2.553166E-01 6.857780E-01
12 3.393507E-11 9.303689E-08 9.940432E-09 1.752556E-09 4.025742E-02 2.353664E-01 7.243762E-01
##---
48 3.4 3.5  : i wavelength min & max
# iz ExtRayleigh absg(1) absg(2) absg(3) wkd(1) wkd(2) wkd(3)
1 7.548469E-09 2.371103E-04 2.338989E-05 5.760972E-06 1.613164E-01 3.562761E-01 4.824075E-01
2 6.628504E-09 1.882962E-04 1.854015E-05 4.537627E-06 1.611446E-01 3.563063E-01 4.825490E-01
3 5.873351E-09 1.459277E-04 1.419748E-05 3.331646E-06 1.600433E-01 3.565162E-01 4.834405E-01
4 5.214170E-09 1.118926E-04 1.070078E-05 2.354546E-06 1.585935E-01 3.567923E-01 4.846142E-01
5 4.398387E-09 7.472107E-05 6.958329E-06 1.370715E-06 1.564986E-01 3.571866E-01 4.863147E-01
6 3.481389E-09 4.401559E-05 4.000022E-06 7.014010E-07 1.548507E-01 3.574580E-01 4.876913E-01
7 2.662549E-09 2.559800E-05 2.308891E-06 3.890483E-07 1.542946E-01 3.573883E-01 4.883171E-01
8 1.961389E-09 1.444918E-05 1.302312E-06 2.183529E-07 1.540322E-01 3.571735E-01 4.887943E-01
9 1.241553E-09 6.025099E-06 5.435004E-07 9.111041E-08 1.526447E-01 3.558145E-01 4.915407E-01
10 6.660315E-10 1.855213E-06 1.683696E-07 2.853675E-08 1.464179E-01 3.497587E-01 5.038234E-01
11 2.396568E-10 2.662201E-07 2.465584E-08 4.281028E-09 1.219844E-01 3.274191E-01 5.505964E-01
12 3.016585E-11 4.541999E-09 4.420261E-10 7.933547E-11 9.190352E-02 2.997893E-01 6.083072E-01
##---
49 3.5 3.6  : i wavelength min & max
# iz ExtRayleigh absg(1) absg(2) absg(3) wkd(1) wkd(2) wkd(3)
1 6.732695E-09 1.710388E-04 1.730009E-05 4.561936E-06 1.635672E-01 3.443739E-01 4.920589E-01
2 5.912151E-09 1.345210E-04 1.359112E-05 3.570548E-06 1.630511E-01 3.441556E-01 4.927932E-01
3 5.238609E-09 9.777390E-05 9.804323E-06 2.508206E-06 1.595427E-01 3.432410E-01 4.972163E-01
4 4.650667E-09 6.848425E-05 6.777393E-06 1.651308E-06 1.541166E-01 3.417664E-01 5.041170E-01
5 3.923046E-09 3.974992E-05 3.834241E-06 8.387689E-07 1.437125E-01 3.384023E-01 5.178852E-01
6 3.105150E-09 2.122012E-05 1.990342E-06 3.742811E-07 1.307752E-01 3.304245E-01 5.388002E-01
7 2.374803E-09 1.281868E-05 1.207971E-06 2.215270E-07 1.193141E-01 3.119155E-01 5.687703E-01
8 1.749419E-09 7.768317E-06 7.502955E-07 1.459758E-07 1.101140E-01 2.924298E-01 5.974562E-01
9 1.107376E-09 3.882042E-06 4.340054E-07 1.101030E-07 9.050756E-02 2.501355E-01 6.593568E-01
10 5.940525E-10 1.383329E-06 2.673011E-07 1.024085E-07 7.417262E-02 2.150709E-01 7.107565E-01
11 2.137568E-10 1.750218E-07 9.263207E-08 4.393207E-08 6.705724E-02 2.003904E-01 7.325525E-01
12 2.690578E-11 2.593029E-09 4.503283E-09 2.198524E-09 6.193268E-02 1.909970E-01 7.470704E-01
##---
50 3.6 3.7  : i wavelength min & max
# iz ExtRayleigh absg(1) absg(2) absg(3) wkd(1) wkd(2) wkd(3)
1 6.024218E-09 1.033173E-04 1.110958E-05 3.572392E-06 1.820338E-01 3.495334E-01 4.684327E-01
2 5.290020E-09 8.061012E-05 8.661809E-06 2.780338E-06 1.816672E-01 3.493468E-01 4.689859E-01
3 4.687354E-09 5.507494E-05 5.902285E-06 1.880836E-06 1.795830E-01 3.489944E-01 4.714226E-01
4 4.161280E-09 3.474644E-05 3.698719E-06 1.155076E-06 1.759826E-01 3.483674E-01 4.756499E-01
5 3.510227E-09 1.599208E-05 1.672660E-06 4.894930E-07 1.673379E-01 3.465495E-01 4.861126E-01
6 2.778397E-09 6.268284E-06 6.271387E-07 1.523904E-07 1.500741E-01 3.384070E-01 5.115189E-01
7 2.124904E-09 3.494116E-06 3.443512E-07 7.669570E-08 1.294003E-01 3.123577E-01 5.582420E-01
8 1.565329E-09 2.167658E-06 2.208982E-07 5.252599E-08 1.146612E-01 2.865525E-01 5.987862E-01
9 9.908481E-10 1.171141E-06 1.477355E-07 4.505738E-08 8.671342E-02 2.353787E-01 6.779079E-01
10 5.315408E-10 5.125003E-07 1.234808E-07 4.471214E-08 5.897333E-02 1.844686E-01 7.565581E-01
11 1.912633E-10 9.969849E-08 5.851735E-08 1.874638E-08 3.677226E-02 1.441424E-01 8.190854E-01
12 2.407450E-11 3.403670E-09 3.759279E-09 9.012293E-10 1.718765E-02 1.087065E-01 8.741058E-01
##---
51 3.7 3.8  : i wavelength min & max
# iz ExtRayleigh absg(1) absg(2) absg(3) wkd(1) wkd(2) wkd(3)
1 5.406537E-09 6.072718E-05 8.063184E-06 3.730935E-06 1.861482E-01 3.513393E-01 4.625125E-01
2 4.747619E-09 4.730110E-05 6.270443E-06 2.895185E-06 1.859528E-01 3.513753E-01 4.626719E-01
3 4.206746E-09 3.213088E-05 4.305277E-06 2.016223E-06 1.844722E-01 3.516468E-01 4.638810E-01
4 3.734612E-09 2.007217E-05 2.736055E-06 1.309541E-06 1.817722E-01 3.521418E-01 4.660861E-01
5 3.150313E-09 9.016364E-06 1.281166E-06 6.437220E-07 1.747922E-01 3.534238E-01 4.717839E-01
6 2.493520E-09 3.314483E-06 4.951788E-07 2.623905E-07 1.618406E-01 3.558128E-01 4.823465E-01
7 1.907032E-09 1.625601E-06 2.438024E-07 1.299412E-07 1.550936E-01 3.570597E-01 4.878467E-01
8 1.404831E-09 8.949810E-07 1.321150E-07 6.928993E-08 1.540449E-01 3.572369E-01 4.887182E-01
9 8.892534E-10 3.649503E-07 5.276254E-08 2.705876E-08 1.534010E-01 3.572910E-01 4.893079E-01
10 4.770404E-10 1.069618E-07 1.533809E-08 7.791293E-09 1.531052E-01 3.571102E-01 4.897846E-01
11 1.716525E-10 1.196578E-08 1.697352E-09 8.500332E-10 1.523741E-01 3.563634E-01 4.912625E-01
12 2.160607E-11 1.369878E-10 1.849774E-11 8.630256E-12 1.493651E-01 3.528125E-01 4.978223E-01
##---
52 3.8 3.9  : i wavelength min & max
# iz ExtRayleigh absg(1) absg(2) absg(3) wkd(1) wkd(2) wkd(3)
1 4.866039E-09 1.286873E-04 2.196956E-05 8.579676E-06 1.056657E-01 3.047691E-01 5.895652E-01
2 4.272993E-09 1.021537E-04 1.737902E-05 6.713147E-06 1.053844E-01 3.046770E-01 5.899386E-01
3 3.786192E-09 7.962147E-05 1.352393E-05 5.101813E-06 1.033883E-01 3.040536E-01 5.925582E-01
4 3.361258E-09 6.186454E-05 1.044170E-05 3.815175E-06 1.003267E-01 3.031860E-01 5.964873E-01
5 2.835372E-09 4.322869E-05 7.110883E-06 2.468510E-06 9.433091E-02 3.017448E-01 6.039243E-01
6 2.244240E-09 2.778920E-05 4.314260E-06 1.416073E-06 8.675275E-02 3.003633E-01 6.128840E-01
7 1.716384E-09 1.688876E-05 2.540127E-06 8.101463E-07 8.378989E-02 2.999140E-01 6.162961E-01
8 1.264389E-09 9.523050E-06 1.419802E-06 4.462139E-07 8.344219E-02 2.999370E-01 6.166207E-01
9 8.003537E-10 3.909834E-06 5.782215E-07 1.789129E-07 8.332480E-02 3.000738E-01 6.166013E-01
10 4.293501E-10 1.024639E-06 1.527691E-07 4.876450E-08 8.420334E-02 3.010252E-01 6.147714E-01
11 1.544922E-10 8.710374E-08 1.328042E-08 4.635729E-09 8.645376E-02 3.033837E-01 6.101624E-01
12 1.944609E-11 6.548282E-10 9.927522E-11 3.909093E-11 9.068564E-02 3.083086E-01 6.010057E-01
##---
53 3.9 4  : i wavelength min & max
# iz ExtRayleigh absg(1) absg(2) absg(3) wkd(1) wkd(2) wkd(3)
1 4.391433E-09 1.230455E-04 2.697042E-05 1.659260E-05 6.906942E-02 2.871537E-01 6.437768E-01
2 3.856230E-09 9.772122E-05 2.111689E-05 1.285530E-05 6.902442E-02 2.871671E-01 6.438084E-01
3 3.416908E-09 7.790094E-05 1.651748E-05 9.907825E-06 6.867910E-02 2.870345E-01 6.442863E-01
4 3.033420E-09 6.204586E-05 1.288200E-05 7.595891E-06 6.825799E-02 2.868791E-01 6.448628E-01
5 2.558826E-09 4.418125E-05 8.907844E-06 5.129435E-06 6.748973E-02 2.864390E-01 6.460713E-01
6 2.025349E-09 2.781181E-05 5.433054E-06 3.051406E-06 6.660398E-02 2.857930E-01 6.476029E-01
7 1.548977E-09 1.657261E-05 3.166731E-06 1.746276E-06 6.622092E-02 2.854743E-01 6.483048E-01
8 1.141067E-09 9.275944E-06 1.746578E-06 9.489206E-07 6.636495E-02 2.856039E-01 6.480312E-01
9 7.222917E-10 3.778094E-06 7.003750E-07 3.738932E-07 6.672784E-02 2.858733E-01 6.473989E-01
10 3.874736E-10 9.851187E-07 1.911772E-07 1.054010E-07 6.865587E-02 2.876209E-01 6.437232E-01
11 1.394239E-10 8.359613E-08 1.829727E-08 1.094806E-08 7.355416E-02 2.922806E-01 6.341653E-01
12 1.754943E-11 6.596838E-10 1.589253E-10 1.034100E-10 8.131794E-02 2.979154E-01 6.207667E-01
