##---
1 0.3 0.32  : i wavelength min & max
# iz ExtRayleigh absg(1) absg(2) absg(3) wkd(1) wkd(2) wkd(3)
1 1.170665E-04 1.027864E-05 1.027864E-05 1.027864E-05 3.333333E-01 3.333333E-01 3.333333E-01
2 1.057952E-04 1.016839E-05 1.016839E-05 1.016839E-05 3.333333E-01 3.333333E-01 3.333333E-01
3 9.561018E-05 1.022016E-05 1.022016E-05 1.022016E-05 3.333333E-01 3.333333E-01 3.333333E-01
4 8.644356E-05 1.041408E-05 1.041408E-05 1.041408E-05 3.333333E-01 3.333333E-01 3.333333E-01
5 7.412204E-05 1.085916E-05 1.085916E-05 1.085916E-05 3.333333E-01 3.333333E-01 3.333333E-01
6 5.986154E-05 1.183355E-05 1.183355E-05 1.183355E-05 3.333333E-01 3.333333E-01 3.333333E-01
7 4.791633E-05 1.320877E-05 1.320877E-05 1.320877E-05 3.333333E-01 3.333333E-01 3.333333E-01
8 3.795925E-05 1.635152E-05 1.635152E-05 1.635152E-05 3.333333E-01 3.333333E-01 3.333333E-01
9 2.523654E-05 2.468484E-05 2.468484E-05 2.468484E-05 3.333333E-01 3.333333E-01 3.333333E-01
10 1.358597E-05 4.182796E-05 4.182796E-05 4.182796E-05 3.333333E-01 3.333333E-01 3.333333E-01
11 4.893784E-06 4.849806E-05 4.849806E-05 4.849806E-05 3.333333E-01 3.333333E-01 3.333333E-01
12 6.779378E-07 6.214398E-06 6.214398E-06 6.214398E-06 3.333333E-01 3.333333E-01 3.333333E-01
##---
2 0.32 0.34  : i wavelength min & max
# iz ExtRayleigh absg(1) absg(2) absg(3) wkd(1) wkd(2) wkd(3)
1 8.971257E-05 6.658329E-07 6.658329E-07 6.658329E-07 3.333333E-01 3.333333E-01 3.333333E-01
2 8.107498E-05 6.494205E-07 6.494205E-07 6.494205E-07 3.333333E-01 3.333333E-01 3.333333E-01
3 7.326977E-05 6.420843E-07 6.420843E-07 6.420843E-07 3.333333E-01 3.333333E-01 3.333333E-01
4 6.624503E-05 6.422121E-07 6.422121E-07 6.422121E-07 3.333333E-01 3.333333E-01 3.333333E-01
5 5.680258E-05 6.515997E-07 6.515997E-07 6.515997E-07 3.333333E-01 3.333333E-01 3.333333E-01
6 4.587420E-05 6.847270E-07 6.847270E-07 6.847270E-07 3.333333E-01 3.333333E-01 3.333333E-01
7 3.672014E-05 7.381798E-07 7.381798E-07 7.381798E-07 3.333333E-01 3.333333E-01 3.333333E-01
8 2.908964E-05 8.861068E-07 8.861068E-07 8.861068E-07 3.333333E-01 3.333333E-01 3.333333E-01
9 1.933973E-05 1.311231E-06 1.311231E-06 1.311231E-06 3.333333E-01 3.333333E-01 3.333333E-01
10 1.041145E-05 2.215498E-06 2.215498E-06 2.215498E-06 3.333333E-01 3.333333E-01 3.333333E-01
11 3.750295E-06 2.614860E-06 2.614860E-06 2.614860E-06 3.333333E-01 3.333333E-01 3.333333E-01
12 5.195299E-07 3.595847E-07 3.595847E-07 3.595847E-07 3.333333E-01 3.333333E-01 3.333333E-01
##---
3 0.34 0.36  : i wavelength min & max
# iz ExtRayleigh absg(1) absg(2) absg(3) wkd(1) wkd(2) wkd(3)
1 6.997286E-05 3.311398E-08 3.311398E-08 3.311398E-08 3.333333E-01 3.333333E-01 3.333333E-01
2 6.323582E-05 3.159100E-08 3.159100E-08 3.159100E-08 3.333333E-01 3.333333E-01 3.333333E-01
3 5.714801E-05 3.042028E-08 3.042028E-08 3.042028E-08 3.333333E-01 3.333333E-01 3.333333E-01
4 5.166895E-05 2.950216E-08 2.950216E-08 2.950216E-08 3.333333E-01 3.333333E-01 3.333333E-01
5 4.430415E-05 2.855201E-08 2.855201E-08 2.855201E-08 3.333333E-01 3.333333E-01 3.333333E-01
6 3.578037E-05 2.808126E-08 2.808126E-08 2.808126E-08 3.333333E-01 3.333333E-01 3.333333E-01
7 2.864050E-05 2.832859E-08 2.832859E-08 2.832859E-08 3.333333E-01 3.333333E-01 3.333333E-01
8 2.268896E-05 3.203595E-08 3.203595E-08 3.203595E-08 3.333333E-01 3.333333E-01 3.333333E-01
9 1.508435E-05 4.567139E-08 4.567139E-08 4.567139E-08 3.333333E-01 3.333333E-01 3.333333E-01
10 8.120592E-06 7.677715E-08 7.677715E-08 7.677715E-08 3.333333E-01 3.333333E-01 3.333333E-01
11 2.925107E-06 9.362601E-08 9.362601E-08 9.362601E-08 3.333333E-01 3.333333E-01 3.333333E-01
12 4.052162E-07 1.474689E-08 1.474689E-08 1.474689E-08 3.333333E-01 3.333333E-01 3.333333E-01
##---
4 0.36 0.38  : i wavelength min & max
# iz ExtRayleigh absg(1) absg(2) absg(3) wkd(1) wkd(2) wkd(3)
1 5.541875E-05 3.888934E-10 3.888934E-10 3.888934E-10 3.333333E-01 3.333333E-01 3.333333E-01
2 5.008299E-05 3.861155E-10 3.861155E-10 3.861155E-10 3.333333E-01 3.333333E-01 3.333333E-01
3 4.526143E-05 3.897604E-10 3.897604E-10 3.897604E-10 3.333333E-01 3.333333E-01 3.333333E-01
4 4.092199E-05 3.991703E-10 3.991703E-10 3.991703E-10 3.333333E-01 3.333333E-01 3.333333E-01
5 3.508904E-05 4.195010E-10 4.195010E-10 4.195010E-10 3.333333E-01 3.333333E-01 3.333333E-01
6 2.833818E-05 4.623388E-10 4.623388E-10 4.623388E-10 3.333333E-01 3.333333E-01 3.333333E-01
7 2.268337E-05 5.223824E-10 5.223824E-10 5.223824E-10 3.333333E-01 3.333333E-01 3.333333E-01
8 1.796974E-05 6.548169E-10 6.548169E-10 6.548169E-10 3.333333E-01 3.333333E-01 3.333333E-01
9 1.194686E-05 9.981080E-10 9.981080E-10 9.981080E-10 3.333333E-01 3.333333E-01 3.333333E-01
10 6.431537E-06 1.693868E-09 1.693868E-09 1.693868E-09 3.333333E-01 3.333333E-01 3.333333E-01
11 2.316695E-06 1.946639E-09 1.946639E-09 1.946639E-09 3.333333E-01 3.333333E-01 3.333333E-01
12 3.209327E-07 2.427976E-10 2.427976E-10 2.427976E-10 3.333333E-01 3.333333E-01 3.333333E-01
##---
5 0.38 0.4  : i wavelength min & max
# iz ExtRayleigh absg(1) absg(2) absg(3) wkd(1) wkd(2) wkd(3)
1 4.448611E-05 3.099151E-16 3.099151E-16 3.099151E-16 3.333334E-01 3.333334E-01 3.333334E-01
2 4.020295E-05 1.833195E-16 1.833195E-16 1.833195E-16 3.333334E-01 3.333334E-01 3.333334E-01
3 3.633255E-05 1.003584E-16 1.003584E-16 1.003584E-16 3.333334E-01 3.333334E-01 3.333334E-01
4 3.284917E-05 5.146091E-17 5.146091E-17 5.146091E-17 3.333334E-01 3.333334E-01 3.333334E-01
5 2.816691E-05 2.053809E-17 2.053809E-17 2.053809E-17 3.333334E-01 3.333334E-01 3.333334E-01
6 2.274781E-05 5.432749E-18 5.432749E-18 5.432749E-18 3.333334E-01 3.333334E-01 3.333334E-01
7 1.820855E-05 1.442813E-18 1.442813E-18 1.442813E-18 3.333334E-01 3.333334E-01 3.333334E-01
8 1.442479E-05 2.802463E-19 2.802463E-19 2.802463E-19 3.333334E-01 3.333334E-01 3.333334E-01
9 9.590064E-06 1.430200E-20 1.430200E-20 1.430200E-20 3.333334E-01 3.333334E-01 3.333334E-01
10 5.162767E-06 8.325459E-22 8.325459E-22 8.325459E-22 3.333334E-01 3.333334E-01 3.333334E-01
11 1.859673E-06 1.106570E-22 1.106570E-22 1.106570E-22 3.333334E-01 3.333334E-01 3.333334E-01
12 2.576212E-07 1.782538E-24 1.782538E-24 1.782538E-24 3.333334E-01 3.333334E-01 3.333334E-01
##---
6 0.4 0.42  : i wavelength min & max
# iz ExtRayleigh absg(1) absg(2) absg(3) wkd(1) wkd(2) wkd(3)
1 3.613837E-05 1.236950E-10 1.236950E-10 1.236950E-10 3.333334E-01 3.333334E-01 3.333334E-01
2 3.265894E-05 1.236940E-10 1.236940E-10 1.236940E-10 3.333334E-01 3.333334E-01 3.333334E-01
3 2.951481E-05 1.258540E-10 1.258540E-10 1.258540E-10 3.333334E-01 3.333334E-01 3.333334E-01
4 2.668508E-05 1.299867E-10 1.299867E-10 1.299867E-10 3.333334E-01 3.333334E-01 3.333334E-01
5 2.288144E-05 1.381814E-10 1.381814E-10 1.381814E-10 3.333334E-01 3.333334E-01 3.333334E-01
6 1.847923E-05 1.543444E-10 1.543444E-10 1.543444E-10 3.333334E-01 3.333334E-01 3.333334E-01
7 1.479175E-05 1.762568E-10 1.762568E-10 1.762568E-10 3.333334E-01 3.333334E-01 3.333334E-01
8 1.171800E-05 2.225550E-10 2.225550E-10 2.225550E-10 3.333334E-01 3.333334E-01 3.333334E-01
9 7.790506E-06 3.403226E-10 3.403226E-10 3.403226E-10 3.333334E-01 3.333334E-01 3.333334E-01
10 4.193982E-06 5.777425E-10 5.777425E-10 5.777425E-10 3.333334E-01 3.333334E-01 3.333334E-01
11 1.510709E-06 6.622410E-10 6.622410E-10 6.622410E-10 3.333334E-01 3.333334E-01 3.333334E-01
12 2.092791E-07 8.105404E-11 8.105404E-11 8.105404E-11 3.333334E-01 3.333334E-01 3.333334E-01
##---
7 0.42 0.44  : i wavelength min & max
# iz ExtRayleigh absg(1) absg(2) absg(3) wkd(1) wkd(2) wkd(3)
1 2.967128E-05 2.251734E-09 2.251734E-09 2.251734E-09 3.333334E-01 3.333334E-01 3.333334E-01
2 2.681450E-05 2.251724E-09 2.251724E-09 2.251724E-09 3.333334E-01 3.333334E-01 3.333334E-01
3 2.423303E-05 2.291051E-09 2.291051E-09 2.291051E-09 3.333334E-01 3.333334E-01 3.333334E-01
4 2.190969E-05 2.366286E-09 2.366286E-09 2.366286E-09 3.333334E-01 3.333334E-01 3.333334E-01
5 1.878672E-05 2.515464E-09 2.515464E-09 2.515464E-09 3.333334E-01 3.333334E-01 3.333334E-01
6 1.517230E-05 2.809697E-09 2.809697E-09 2.809697E-09 3.333334E-01 3.333334E-01 3.333334E-01
7 1.214471E-05 3.208593E-09 3.208593E-09 3.208593E-09 3.333334E-01 3.333334E-01 3.333334E-01
8 9.621021E-06 4.051409E-09 4.051409E-09 4.051409E-09 3.333334E-01 3.333334E-01 3.333334E-01
9 6.396366E-06 6.195260E-09 6.195260E-09 6.195260E-09 3.333334E-01 3.333334E-01 3.333334E-01
10 3.443454E-06 1.051727E-08 1.051727E-08 1.051727E-08 3.333334E-01 3.333334E-01 3.333334E-01
11 1.240362E-06 1.205549E-08 1.205549E-08 1.205549E-08 3.333334E-01 3.333334E-01 3.333334E-01
12 1.718278E-07 1.475514E-09 1.475514E-09 1.475514E-09 3.333334E-01 3.333334E-01 3.333334E-01
##---
8 0.44 0.46  : i wavelength min & max
# iz ExtRayleigh absg(1) absg(2) absg(3) wkd(1) wkd(2) wkd(3)
1 2.459581E-05 1.020024E-08 1.020024E-08 1.020024E-08 3.333334E-01 3.333334E-01 3.333334E-01
2 2.222770E-05 1.020020E-08 1.020020E-08 1.020020E-08 3.333334E-01 3.333334E-01 3.333334E-01
3 2.008781E-05 1.037835E-08 1.037835E-08 1.037835E-08 3.333334E-01 3.333334E-01 3.333334E-01
4 1.816189E-05 1.071916E-08 1.071916E-08 1.071916E-08 3.333334E-01 3.333334E-01 3.333334E-01
5 1.557313E-05 1.139493E-08 1.139493E-08 1.139493E-08 3.333334E-01 3.333334E-01 3.333334E-01
6 1.257698E-05 1.272779E-08 1.272779E-08 1.272779E-08 3.333334E-01 3.333334E-01 3.333334E-01
7 1.006728E-05 1.453477E-08 1.453477E-08 1.453477E-08 3.333334E-01 3.333334E-01 3.333334E-01
8 7.975282E-06 1.835269E-08 1.835269E-08 1.835269E-08 3.333334E-01 3.333334E-01 3.333334E-01
9 5.302225E-06 2.806423E-08 2.806423E-08 2.806423E-08 3.333334E-01 3.333334E-01 3.333334E-01
10 2.854428E-06 4.764274E-08 4.764274E-08 4.764274E-08 3.333334E-01 3.333334E-01 3.333334E-01
11 1.028190E-06 5.461079E-08 5.461079E-08 5.461079E-08 3.333334E-01 3.333334E-01 3.333334E-01
12 1.424355E-07 6.684009E-09 6.684009E-09 6.684009E-09 3.333334E-01 3.333334E-01 3.333334E-01
##---
9 0.46 0.48  : i wavelength min & max
# iz ExtRayleigh absg(1) absg(2) absg(3) wkd(1) wkd(2) wkd(3)
1 2.056584E-05 2.536892E-08 2.536892E-08 2.536892E-08 3.333334E-01 3.333334E-01 3.333334E-01
2 1.858575E-05 2.536881E-08 2.536881E-08 2.536881E-08 3.333334E-01 3.333334E-01 3.333334E-01
3 1.679647E-05 2.581189E-08 2.581189E-08 2.581189E-08 3.333334E-01 3.333334E-01 3.333334E-01
4 1.518611E-05 2.665952E-08 2.665952E-08 2.665952E-08 3.333334E-01 3.333334E-01 3.333334E-01
5 1.302150E-05 2.834022E-08 2.834022E-08 2.834022E-08 3.333334E-01 3.333334E-01 3.333334E-01
6 1.051627E-05 3.165516E-08 3.165516E-08 3.165516E-08 3.333334E-01 3.333334E-01 3.333334E-01
7 8.417776E-06 3.614928E-08 3.614928E-08 3.614928E-08 3.333334E-01 3.333334E-01 3.333334E-01
8 6.668549E-06 4.564478E-08 4.564478E-08 4.564478E-08 3.333334E-01 3.333334E-01 3.333334E-01
9 4.433468E-06 6.979825E-08 6.979825E-08 6.979825E-08 3.333334E-01 3.333334E-01 3.333334E-01
10 2.386736E-06 1.184918E-07 1.184918E-07 1.184918E-07 3.333334E-01 3.333334E-01 3.333334E-01
11 8.597231E-07 1.358219E-07 1.358219E-07 1.358219E-07 3.333334E-01 3.333334E-01 3.333334E-01
12 1.190978E-07 1.662373E-08 1.662373E-08 1.662373E-08 3.333334E-01 3.333334E-01 3.333334E-01
##---
10 0.48 0.5  : i wavelength min & max
# iz ExtRayleigh absg(1) absg(2) absg(3) wkd(1) wkd(2) wkd(3)
1 1.733210E-05 5.654610E-08 5.654610E-08 5.654610E-08 3.333334E-01 3.333334E-01 3.333334E-01
2 1.566335E-05 5.654583E-08 5.654583E-08 5.654583E-08 3.333334E-01 3.333334E-01 3.333334E-01
3 1.415541E-05 5.753340E-08 5.753340E-08 5.753340E-08 3.333334E-01 3.333334E-01 3.333334E-01
4 1.279826E-05 5.942271E-08 5.942271E-08 5.942271E-08 3.333334E-01 3.333334E-01 3.333334E-01
5 1.097402E-05 6.316890E-08 6.316890E-08 6.316890E-08 3.333334E-01 3.333334E-01 3.333334E-01
6 8.862705E-06 7.055774E-08 7.055774E-08 7.055774E-08 3.333334E-01 3.333334E-01 3.333334E-01
7 7.094177E-06 8.057491E-08 8.057491E-08 8.057491E-08 3.333334E-01 3.333334E-01 3.333334E-01
8 5.619997E-06 1.017399E-07 1.017399E-07 1.017399E-07 3.333334E-01 3.333334E-01 3.333334E-01
9 3.736355E-06 1.555768E-07 1.555768E-07 1.555768E-07 3.333334E-01 3.333334E-01 3.333334E-01
10 2.011449E-06 2.641121E-07 2.641121E-07 2.641121E-07 3.333334E-01 3.333334E-01 3.333334E-01
11 7.245415E-07 3.027401E-07 3.027401E-07 3.027401E-07 3.333334E-01 3.333334E-01 3.333334E-01
12 1.003710E-07 3.705345E-08 3.705345E-08 3.705345E-08 3.333334E-01 3.333334E-01 3.333334E-01
##---
11 0.5 0.52  : i wavelength min & max
# iz ExtRayleigh absg(1) absg(2) absg(3) wkd(1) wkd(2) wkd(3)
1 1.471226E-05 1.087917E-07 1.087917E-07 1.087917E-07 3.333334E-01 3.333334E-01 3.333334E-01
2 1.329576E-05 1.087910E-07 1.087910E-07 1.087910E-07 3.333334E-01 3.333334E-01 3.333334E-01
3 1.201575E-05 1.106910E-07 1.106910E-07 1.106910E-07 3.333334E-01 3.333334E-01 3.333334E-01
4 1.086374E-05 1.143259E-07 1.143259E-07 1.143259E-07 3.333334E-01 3.333334E-01 3.333334E-01
5 9.315246E-06 1.215333E-07 1.215333E-07 1.215333E-07 3.333334E-01 3.333334E-01 3.333334E-01
6 7.523064E-06 1.357490E-07 1.357490E-07 1.357490E-07 3.333334E-01 3.333334E-01 3.333334E-01
7 6.021858E-06 1.550214E-07 1.550214E-07 1.550214E-07 3.333334E-01 3.333334E-01 3.333334E-01
8 4.770507E-06 1.957416E-07 1.957416E-07 1.957416E-07 3.333334E-01 3.333334E-01 3.333334E-01
9 3.171587E-06 2.993206E-07 2.993206E-07 2.993206E-07 3.333334E-01 3.333334E-01 3.333334E-01
10 1.707409E-06 5.081363E-07 5.081363E-07 5.081363E-07 3.333334E-01 3.333334E-01 3.333334E-01
11 6.150235E-07 5.824545E-07 5.824545E-07 5.824545E-07 3.333334E-01 3.333334E-01 3.333334E-01
12 8.519945E-08 7.128867E-08 7.128867E-08 7.128867E-08 3.333334E-01 3.333334E-01 3.333334E-01
##---
12 0.52 0.54  : i wavelength min & max
# iz ExtRayleigh absg(1) absg(2) absg(3) wkd(1) wkd(2) wkd(3)
1 1.257111E-05 1.715836E-07 1.715836E-07 1.715836E-07 3.333334E-01 3.333334E-01 3.333334E-01
2 1.136076E-05 1.715820E-07 1.715820E-07 1.715820E-07 3.333334E-01 3.333334E-01 3.333334E-01
3 1.026704E-05 1.745782E-07 1.745782E-07 1.745782E-07 3.333334E-01 3.333334E-01 3.333334E-01
4 9.282688E-06 1.803108E-07 1.803108E-07 1.803108E-07 3.333334E-01 3.333334E-01 3.333334E-01
5 7.959548E-06 1.916780E-07 1.916780E-07 1.916780E-07 3.333334E-01 3.333334E-01 3.333334E-01
6 6.428194E-06 2.140984E-07 2.140984E-07 2.140984E-07 3.333334E-01 3.333334E-01 3.333334E-01
7 5.145465E-06 2.444942E-07 2.444942E-07 2.444942E-07 3.333334E-01 3.333334E-01 3.333334E-01
8 4.076230E-06 3.087166E-07 3.087166E-07 3.087166E-07 3.333334E-01 3.333334E-01 3.333334E-01
9 2.710010E-06 4.720777E-07 4.720777E-07 4.720777E-07 3.333334E-01 3.333334E-01 3.333334E-01
10 1.458921E-06 8.014142E-07 8.014142E-07 8.014142E-07 3.333334E-01 3.333334E-01 3.333334E-01
11 5.255159E-07 9.186261E-07 9.186261E-07 9.186261E-07 3.333334E-01 3.333334E-01 3.333334E-01
12 7.279993E-08 1.124339E-07 1.124339E-07 1.124339E-07 3.333334E-01 3.333334E-01 3.333334E-01
##---
13 0.54 0.56  : i wavelength min & max
# iz ExtRayleigh absg(1) absg(2) absg(3) wkd(1) wkd(2) wkd(3)
1 1.080704E-05 2.376755E-07 2.376755E-07 2.376755E-07 3.333334E-01 3.333334E-01 3.333334E-01
2 9.766534E-06 2.376464E-07 2.376464E-07 2.376464E-07 3.333334E-01 3.333334E-01 3.333334E-01
3 8.826295E-06 2.417801E-07 2.417801E-07 2.417801E-07 3.333334E-01 3.333334E-01 3.333334E-01
4 7.980074E-06 2.497112E-07 2.497112E-07 2.497112E-07 3.333334E-01 3.333334E-01 3.333334E-01
5 6.842608E-06 2.654489E-07 2.654489E-07 2.654489E-07 3.333334E-01 3.333334E-01 3.333334E-01
6 5.526143E-06 2.964962E-07 2.964962E-07 2.964962E-07 3.333334E-01 3.333334E-01 3.333334E-01
7 4.423417E-06 3.385897E-07 3.385897E-07 3.385897E-07 3.333334E-01 3.333334E-01 3.333334E-01
8 3.504224E-06 4.275284E-07 4.275284E-07 4.275284E-07 3.333334E-01 3.333334E-01 3.333334E-01
9 2.329722E-06 6.537602E-07 6.537602E-07 6.537602E-07 3.333334E-01 3.333334E-01 3.333334E-01
10 1.254195E-06 1.109844E-06 1.109844E-06 1.109844E-06 3.333334E-01 3.333334E-01 3.333334E-01
11 4.517718E-07 1.272166E-06 1.272166E-06 1.272166E-06 3.333334E-01 3.333334E-01 3.333334E-01
12 6.258412E-08 1.557049E-07 1.557049E-07 1.557049E-07 3.333334E-01 3.333334E-01 3.333334E-01
##---
14 0.56 0.58  : i wavelength min & max
# iz ExtRayleigh absg(1) absg(2) absg(3) wkd(1) wkd(2) wkd(3)
1 9.342846E-06 1.492091E-05 1.670982E-06 5.789539E-07 8.654901E-02 3.228979E-01 5.905530E-01
2 8.443310E-06 9.187886E-06 1.137636E-06 4.741537E-07 8.654901E-02 3.228980E-01 5.905531E-01
3 7.630460E-06 5.310393E-06 7.827444E-07 4.095863E-07 8.654901E-02 3.228979E-01 5.905531E-01
4 6.898890E-06 2.960641E-06 5.746738E-07 3.780280E-07 8.654901E-02 3.228979E-01 5.905531E-01
5 5.915534E-06 1.449434E-06 4.539311E-07 3.718840E-07 8.654901E-02 3.228980E-01 5.905532E-01
6 4.777431E-06 7.027517E-07 4.224918E-07 3.993933E-07 8.654901E-02 3.228980E-01 5.905532E-01
7 3.824108E-06 5.375451E-07 4.580730E-07 4.515229E-07 8.654901E-02 3.228980E-01 5.905532E-01
8 3.029453E-06 5.864508E-07 5.699134E-07 5.685503E-07 8.654901E-02 3.228980E-01 5.905531E-01
9 2.014078E-06 8.699967E-07 8.690324E-07 8.689527E-07 8.654901E-02 3.228980E-01 5.905531E-01
10 1.084270E-06 1.475208E-06 1.475139E-06 1.475133E-06 8.654901E-02 3.228980E-01 5.905532E-01
11 3.905633E-07 1.690894E-06 1.690881E-06 1.690879E-06 8.654901E-02 3.228980E-01 5.905532E-01
12 5.410488E-08 2.069532E-07 2.069528E-07 2.069527E-07 8.654901E-02 3.228979E-01 5.905531E-01
##---
15 0.58 0.6  : i wavelength min & max
# iz ExtRayleigh absg(1) absg(2) absg(3) wkd(1) wkd(2) wkd(3)
1 8.119183E-06 1.090474E-04 1.037936E-05 2.247378E-06 8.654901E-02 3.228980E-01 5.905531E-01
2 7.337462E-06 6.636895E-05 6.421265E-06 1.480520E-06 8.654901E-02 3.228980E-01 5.905531E-01
3 6.631073E-06 3.746744E-05 3.751454E-06 9.726625E-07 8.654901E-02 3.228979E-01 5.905531E-01
4 5.995319E-06 1.990640E-05 2.138847E-06 6.744881E-07 8.654901E-02 3.228980E-01 5.905531E-01
5 5.140757E-06 8.521115E-06 1.107917E-06 4.969393E-07 8.654901E-02 3.228980E-01 5.905532E-01
6 4.151715E-06 2.696565E-06 6.095584E-07 4.375521E-07 8.654901E-02 3.228980E-01 5.905531E-01
7 3.323252E-06 1.106611E-06 5.148061E-07 4.660309E-07 8.654901E-02 3.228980E-01 5.905532E-01
8 2.632675E-06 7.101385E-07 5.869894E-07 5.768396E-07 8.654901E-02 3.228980E-01 5.905530E-01
9 1.750287E-06 8.865177E-07 8.793350E-07 8.787429E-07 8.654901E-02 3.228980E-01 5.905531E-01
10 9.422591E-07 1.492126E-06 1.491612E-06 1.491569E-06 8.654901E-02 3.228980E-01 5.905532E-01
11 3.394099E-07 1.709820E-06 1.709721E-06 1.709712E-06 8.654901E-02 3.228980E-01 5.905532E-01
12 4.701858E-08 2.092613E-07 2.092579E-07 2.092576E-07 8.654901E-02 3.228980E-01 5.905532E-01
##---
16 0.6 0.62  : i wavelength min & max
# iz ExtRayleigh absg(1) absg(2) absg(3) wkd(1) wkd(2) wkd(3)
1 7.090020E-06 1.098391E-06 4.833631E-07 3.763134E-07 1.790931E-01 3.268113E-01 4.940957E-01
2 6.407388E-06 7.927714E-07 4.231936E-07 3.598341E-07 1.790931E-01 3.268113E-01 4.940957E-01
3 5.790539E-06 5.914577E-07 3.884885E-07 3.548608E-07 1.790931E-01 3.268113E-01 4.940957E-01
4 5.235371E-06 4.764346E-07 3.750806E-07 3.596608E-07 1.790931E-01 3.268113E-01 4.940957E-01
5 4.489131E-06 4.160638E-07 3.812083E-07 3.778257E-07 1.790931E-01 3.268113E-01 4.940957E-01
6 3.625457E-06 4.159577E-07 4.163896E-07 4.196424E-07 1.790931E-01 3.268113E-01 4.940957E-01
7 2.902007E-06 4.609098E-07 4.727954E-07 4.785462E-07 1.790931E-01 3.268113E-01 4.940957E-01
8 2.298965E-06 5.770681E-07 5.960464E-07 6.040180E-07 1.790931E-01 3.268113E-01 4.940957E-01
9 1.528427E-06 8.810058E-07 9.111794E-07 9.235757E-07 1.790931E-01 3.268113E-01 4.940957E-01
10 8.228213E-07 1.495532E-06 1.546830E-06 1.567887E-06 1.790931E-01 3.268113E-01 4.940957E-01
11 2.963874E-07 1.714259E-06 1.773063E-06 1.797201E-06 1.790931E-01 3.268113E-01 4.940957E-01
12 4.105866E-08 2.098142E-07 2.170115E-07 2.199659E-07 1.790931E-01 3.268113E-01 4.940957E-01
##---
17 0.62 0.64  : i wavelength min & max
# iz ExtRayleigh absg(1) absg(2) absg(3) wkd(1) wkd(2) wkd(3)
1 6.219316E-06 5.637173E-06 9.180328E-07 4.007680E-07 1.268883E-01 3.293689E-01 5.437428E-01
2 5.620516E-06 3.640282E-06 6.679146E-07 3.457019E-07 1.276817E-01 3.296272E-01 5.426911E-01
3 5.079420E-06 2.282734E-06 5.029729E-07 3.134675E-07 1.288532E-01 3.300087E-01 5.411382E-01
4 4.592431E-06 1.449064E-06 4.079137E-07 2.999699E-07 1.304689E-01 3.305348E-01 5.389963E-01
5 3.937834E-06 8.829406E-07 3.552613E-07 3.025538E-07 1.328819E-01 3.313206E-01 5.357975E-01
6 3.180225E-06 5.814348E-07 3.509259E-07 3.286756E-07 1.370204E-01 3.326682E-01 5.303114E-01
7 2.545620E-06 5.027074E-07 3.841751E-07 3.721616E-07 1.412620E-01 3.340493E-01 5.246887E-01
8 2.016636E-06 5.447994E-07 4.767568E-07 4.684058E-07 1.465538E-01 3.357725E-01 5.176737E-01
9 1.340725E-06 7.620491E-07 7.230815E-07 7.154514E-07 1.537470E-01 3.381148E-01 5.081382E-01
10 7.217731E-07 1.259504E-06 1.224683E-06 1.214509E-06 1.571102E-01 3.392099E-01 5.036799E-01
11 2.599889E-07 1.437462E-06 1.403285E-06 1.391917E-06 1.561293E-01 3.388905E-01 5.049801E-01
12 3.601636E-08 1.759807E-07 1.717577E-07 1.703353E-07 1.541892E-01 3.382587E-01 5.075520E-01
##---
18 0.64 0.66  : i wavelength min & max
# iz ExtRayleigh absg(1) absg(2) absg(3) wkd(1) wkd(2) wkd(3)
1 5.478597E-06 6.617804E-05 6.330071E-06 1.397547E-06 9.134101E-02 3.275261E-01 5.811329E-01
2 4.951113E-06 4.013590E-05 3.897703E-06 9.110379E-07 9.134101E-02 3.275260E-01 5.811329E-01
3 4.474462E-06 2.256159E-05 2.263096E-06 5.901421E-07 9.134101E-02 3.275260E-01 5.811329E-01
4 4.045473E-06 1.192576E-05 1.279764E-06 4.023466E-07 9.134101E-02 3.275260E-01 5.811329E-01
5 3.468838E-06 5.063177E-06 6.538329E-07 2.904254E-07 9.134101E-02 3.275260E-01 5.811329E-01
6 2.801461E-06 1.581210E-06 3.530010E-07 2.517750E-07 9.134101E-02 3.275260E-01 5.811329E-01
7 2.242437E-06 6.395954E-07 2.953342E-07 2.669610E-07 9.134101E-02 3.275260E-01 5.811329E-01
8 1.776455E-06 4.066856E-07 3.359197E-07 3.300874E-07 9.134101E-02 3.275261E-01 5.811329E-01
9 1.181045E-06 5.071993E-07 5.031105E-07 5.027738E-07 9.134101E-02 3.275260E-01 5.811329E-01
10 6.358101E-07 8.537163E-07 8.534240E-07 8.534000E-07 9.134101E-02 3.275260E-01 5.811329E-01
11 2.290243E-07 9.782717E-07 9.782146E-07 9.782102E-07 9.134101E-02 3.275260E-01 5.811329E-01
12 3.172682E-08 1.197287E-07 1.197267E-07 1.197265E-07 9.134101E-02 3.275260E-01 5.811329E-01
##---
19 0.66 0.68  : i wavelength min & max
# iz ExtRayleigh absg(1) absg(2) absg(3) wkd(1) wkd(2) wkd(3)
1 4.845202E-06 1.344334E-06 2.546583E-07 1.557053E-07 1.051817E-01 3.364442E-01 5.583740E-01
2 4.378703E-06 8.615889E-07 2.025451E-07 1.430961E-07 1.051817E-01 3.364442E-01 5.583740E-01
3 3.957158E-06 5.380321E-07 1.697538E-07 1.370064E-07 1.051817E-01 3.364442E-01 5.583740E-01
4 3.577765E-06 3.450020E-07 1.528431E-07 1.362979E-07 1.051817E-01 3.364442E-01 5.583740E-01
5 3.067797E-06 2.257823E-07 1.475013E-07 1.414819E-07 1.051817E-01 3.364442E-01 5.583740E-01
6 2.477577E-06 1.767911E-07 1.567784E-07 1.562477E-07 1.051817E-01 3.364442E-01 5.583740E-01
7 1.983183E-06 1.803163E-07 1.767631E-07 1.779302E-07 1.051817E-01 3.364442E-01 5.583740E-01
8 1.571075E-06 2.202655E-07 2.224153E-07 2.244989E-07 1.051817E-01 3.364442E-01 5.583740E-01
9 1.044501E-06 3.347008E-07 3.398868E-07 3.432475E-07 1.051817E-01 3.364442E-01 5.583740E-01
10 5.623024E-07 5.680636E-07 5.769886E-07 5.827050E-07 1.051817E-01 3.364442E-01 5.583740E-01
11 2.025462E-07 6.511409E-07 6.613762E-07 6.679291E-07 1.051817E-01 3.364442E-01 5.583740E-01
12 2.805880E-08 7.969535E-08 8.094818E-08 8.175022E-08 1.051817E-01 3.364442E-01 5.583740E-01
##---
20 0.68 0.7  : i wavelength min & max
# iz ExtRayleigh absg(1) absg(2) absg(3) wkd(1) wkd(2) wkd(3)
1 4.300958E-06 1.082759E-04 1.024161E-05 2.101958E-06 1.432455E-01 3.533226E-01 5.034320E-01
2 3.886858E-06 7.174395E-05 6.665824E-06 1.359033E-06 1.436375E-01 3.533472E-01 5.030153E-01
3 3.512665E-06 4.661435E-05 4.232722E-06 8.624481E-07 1.441065E-01 3.533766E-01 5.025169E-01
4 3.175888E-06 3.056010E-05 2.707004E-06 5.588253E-07 1.446422E-01 3.534102E-01 5.019475E-01
5 2.723202E-06 1.807184E-05 1.571477E-06 3.443749E-07 1.453171E-01 3.534526E-01 5.012303E-01
6 2.199279E-06 9.675817E-06 8.520861E-07 2.208593E-07 1.462385E-01 3.535104E-01 5.002511E-01
7 1.760419E-06 5.597710E-06 5.330052E-07 1.776066E-07 1.470464E-01 3.535612E-01 4.993925E-01
8 1.394601E-06 3.320773E-06 3.819510E-07 1.771012E-07 1.482456E-01 3.536364E-01 4.981180E-01
9 9.271762E-07 1.524659E-06 3.138068E-07 2.284405E-07 1.511832E-01 3.538209E-01 4.949960E-01
10 4.991410E-07 7.443896E-07 3.907270E-07 3.657929E-07 1.536783E-01 3.539775E-01 4.923442E-01
11 1.797949E-07 4.587028E-07 4.169008E-07 4.143491E-07 1.531407E-01 3.539437E-01 4.929156E-01
12 2.490706E-08 5.117855E-08 5.063595E-08 5.064111E-08 1.523212E-01 3.538923E-01 4.937865E-01
##---
21 0.7 0.8  : i wavelength min & max
# iz ExtRayleigh absg(1) absg(2) absg(3) wkd(1) wkd(2) wkd(3)
1 3.096744E-06 3.533016E-04 3.176538E-05 6.026255E-06 1.449785E-01 3.543419E-01 5.006796E-01
2 2.798587E-06 2.451825E-04 2.148411E-05 3.979051E-06 1.450206E-01 3.543383E-01 5.006410E-01
3 2.529163E-06 1.689168E-04 1.434305E-05 2.582541E-06 1.450722E-01 3.543337E-01 5.005941E-01
4 2.286680E-06 1.181673E-04 9.704675E-06 1.697420E-06 1.451308E-01 3.543285E-01 5.005407E-01
5 1.960740E-06 7.495609E-05 5.950410E-06 1.013663E-06 1.452041E-01 3.543217E-01 5.004742E-01
6 1.583509E-06 4.296150E-05 3.311112E-06 5.574490E-07 1.453086E-01 3.543119E-01 5.003794E-01
7 1.267524E-06 2.560718E-05 1.956940E-06 3.380538E-07 1.453978E-01 3.543035E-01 5.002987E-01
8 1.004131E-06 1.527463E-05 1.178184E-06 2.212040E-07 1.454790E-01 3.542957E-01 5.002252E-01
9 6.675787E-07 6.521562E-06 5.452717E-07 1.418833E-07 1.455670E-01 3.542874E-01 5.001457E-01
10 3.593879E-07 2.031430E-06 2.543642E-07 1.365807E-07 1.456743E-01 3.542771E-01 5.000486E-01
11 1.294546E-07 3.525597E-07 1.447668E-07 1.337495E-07 1.456451E-01 3.542799E-01 5.000750E-01
12 1.793340E-08 1.822123E-08 1.586627E-08 1.608125E-08 1.456041E-01 3.542838E-01 5.001120E-01
##---
22 0.8 0.9  : i wavelength min & max
# iz ExtRayleigh absg(1) absg(2) absg(3) wkd(1) wkd(2) wkd(3)
1 1.864704E-06 1.707435E-04 1.619758E-05 3.560571E-06 1.628235E-01 3.566828E-01 4.804940E-01
2 1.685169E-06 1.007566E-04 9.547065E-06 2.084419E-06 1.628235E-01 3.566828E-01 4.804940E-01
3 1.522936E-06 5.492388E-05 5.199596E-06 1.128536E-06 1.628235E-01 3.566828E-01 4.804940E-01
4 1.376924E-06 2.799393E-05 2.649003E-06 5.724796E-07 1.628235E-01 3.566828E-01 4.804940E-01
5 1.180660E-06 1.109716E-05 1.050305E-06 2.262648E-07 1.628235E-01 3.566828E-01 4.804940E-01
6 9.535100E-07 2.907633E-06 2.754487E-07 5.922790E-08 1.628235E-01 3.566828E-01 4.804940E-01
7 7.632398E-07 7.641346E-07 7.250244E-08 1.559656E-08 1.628235E-01 3.566828E-01 4.804940E-01
8 6.046374E-07 1.468622E-07 1.396040E-08 3.007157E-09 1.628235E-01 3.566828E-01 4.804940E-01
9 4.019825E-07 7.734839E-09 7.353782E-10 1.572880E-10 1.628235E-01 3.566828E-01 4.804940E-01
10 2.164054E-07 4.968654E-10 4.710309E-11 9.875610E-12 1.628235E-01 3.566828E-01 4.804940E-01
11 7.795109E-08 8.259340E-11 7.777778E-12 1.566553E-12 1.628235E-01 3.566828E-01 4.804940E-01
12 1.079860E-08 2.148790E-12 2.004074E-13 3.781337E-14 1.628235E-01 3.566828E-01 4.804940E-01
##---
23 0.9 1  : i wavelength min & max
# iz ExtRayleigh absg(1) absg(2) absg(3) wkd(1) wkd(2) wkd(3)
1 1.189587E-06 3.361480E-03 3.199676E-04 6.929353E-05 1.793600E-01 3.548641E-01 4.657761E-01
2 1.075053E-06 1.966416E-03 1.869728E-04 4.031534E-05 1.793600E-01 3.548641E-01 4.657762E-01
3 9.715562E-07 1.061839E-03 1.008766E-04 2.167651E-05 1.793600E-01 3.548641E-01 4.657761E-01
4 8.784083E-07 5.357011E-04 5.086984E-05 1.091121E-05 1.793600E-01 3.548641E-01 4.657761E-01
5 7.532015E-07 2.090069E-04 1.984930E-05 4.259392E-06 1.793600E-01 3.548641E-01 4.657761E-01
6 6.082914E-07 5.353074E-05 5.087745E-06 1.095191E-06 1.793600E-01 3.548641E-01 4.657761E-01
7 4.869085E-07 1.372561E-05 1.306436E-06 2.828782E-07 1.793600E-01 3.548641E-01 4.657761E-01
8 3.857282E-07 2.569440E-06 2.450120E-07 5.343827E-08 1.793600E-01 3.548641E-01 4.657762E-01
9 2.564446E-07 1.307516E-07 1.246890E-08 2.720328E-09 1.793600E-01 3.548641E-01 4.657761E-01
10 1.380558E-07 8.093535E-09 7.692331E-10 1.655816E-10 1.793600E-01 3.548641E-01 4.657762E-01
11 4.972887E-08 1.275101E-09 1.201840E-10 2.499853E-11 1.793600E-01 3.548641E-01 4.657762E-01
12 6.888961E-09 3.001264E-11 2.788526E-12 5.447810E-13 1.793600E-01 3.548641E-01 4.657761E-01
##---
24 1 1.1  : i wavelength min & max
# iz ExtRayleigh absg(1) absg(2) absg(3) wkd(1) wkd(2) wkd(3)
1 7.944893E-07 1.170524E-04 1.059429E-05 2.303874E-06 1.679598E-01 3.458642E-01 4.861761E-01
2 7.179953E-07 6.937452E-05 6.223635E-06 1.331183E-06 1.665451E-01 3.450653E-01 4.883896E-01
3 6.488728E-07 3.803538E-05 3.379248E-06 7.108687E-07 1.648785E-01 3.441260E-01 4.909956E-01
4 5.866621E-07 1.951952E-05 1.717064E-06 3.557942E-07 1.630235E-01 3.430833E-01 4.938932E-01
5 5.030403E-07 7.798142E-06 6.781073E-07 1.384349E-07 1.606658E-01 3.417639E-01 4.975702E-01
6 4.062592E-07 2.066750E-06 1.771499E-07 3.559785E-08 1.574200E-01 3.399684E-01 5.026116E-01
7 3.251913E-07 5.489240E-07 4.659066E-08 9.280685E-09 1.545551E-01 3.384117E-01 5.070331E-01
8 2.576161E-07 1.078032E-07 9.148291E-09 1.817242E-09 1.515052E-01 3.367913E-01 5.117036E-01
9 1.712715E-07 6.629401E-09 6.314400E-10 1.302639E-10 1.479538E-01 3.349937E-01 5.170524E-01
10 9.220322E-08 7.192518E-10 9.154211E-11 2.058346E-11 1.463536E-01 3.342460E-01 5.194004E-01
11 3.321239E-08 1.150025E-10 1.490798E-11 3.344479E-12 1.455704E-01 3.337373E-01 5.206924E-01
12 4.600926E-09 2.996019E-12 4.084252E-13 9.180376E-14 1.439976E-01 3.327381E-01 5.232642E-01
##---
25 1.1 1.2  : i wavelength min & max
# iz ExtRayleigh absg(1) absg(2) absg(3) wkd(1) wkd(2) wkd(3)
1 5.507729E-07 8.670591E-03 8.312905E-04 1.851942E-04 1.841479E-01 3.534289E-01 4.624231E-01
2 4.977442E-07 5.096949E-03 4.879388E-04 1.080751E-04 1.841479E-01 3.534289E-01 4.624231E-01
3 4.498255E-07 2.767143E-03 2.645715E-04 5.831549E-05 1.841479E-01 3.534289E-01 4.624231E-01
4 4.066985E-07 1.404316E-03 1.341584E-04 2.947505E-05 1.841479E-01 3.534289E-01 4.624231E-01
5 3.487284E-07 5.529253E-04 5.280183E-05 1.158285E-05 1.841479E-01 3.534289E-01 4.624231E-01
6 2.816358E-07 1.434642E-04 1.370176E-05 3.007044E-06 1.841479E-01 3.534289E-01 4.624231E-01
7 2.254361E-07 3.730051E-05 3.565202E-06 7.848199E-07 1.841479E-01 3.534289E-01 4.624231E-01
8 1.785902E-07 7.085643E-06 6.779836E-07 1.498799E-07 1.841479E-01 3.534289E-01 4.624231E-01
9 1.187325E-07 3.666324E-07 3.504920E-08 7.720915E-09 1.841479E-01 3.534289E-01 4.624231E-01
10 6.391910E-08 2.302754E-08 2.191926E-09 4.747052E-10 1.841479E-01 3.534289E-01 4.624231E-01
11 2.302421E-08 3.688755E-09 3.478644E-10 7.251621E-11 1.841479E-01 3.534289E-01 4.624231E-01
12 3.189553E-09 8.915021E-11 8.279272E-12 1.614082E-12 1.841479E-01 3.534289E-01 4.624231E-01
##---
26 1.2 1.3  : i wavelength min & max
# iz ExtRayleigh absg(1) absg(2) absg(3) wkd(1) wkd(2) wkd(3)
1 3.938166E-07 1.124880E-04 1.166753E-05 3.381401E-06 1.851341E-01 3.513518E-01 4.635141E-01
2 3.558996E-07 6.737358E-05 6.928617E-06 1.962456E-06 1.841113E-01 3.511014E-01 4.647872E-01
3 3.216367E-07 3.792248E-05 3.862991E-06 1.063600E-06 1.825224E-01 3.505957E-01 4.668819E-01
4 2.907997E-07 2.056188E-05 2.073608E-06 5.512711E-07 1.800625E-01 3.496356E-01 4.703019E-01
5 2.493497E-07 9.316043E-06 9.276404E-07 2.335923E-07 1.754321E-01 3.475343E-01 4.770337E-01
6 2.013767E-07 3.508210E-06 3.411357E-07 7.694541E-08 1.652401E-01 3.424592E-01 4.923006E-01
7 1.611925E-07 1.638622E-06 1.544362E-07 3.075179E-08 1.524493E-01 3.358648E-01 5.116858E-01
8 1.276965E-07 8.858411E-07 7.912814E-08 1.374062E-08 1.361223E-01 3.274713E-01 5.364065E-01
9 8.489675E-08 4.034801E-07 3.317809E-08 5.165014E-09 1.170894E-01 3.178808E-01 5.650298E-01
10 4.570377E-08 1.302517E-07 1.064144E-08 1.651844E-09 1.108996E-01 3.147801E-01 5.743204E-01
11 1.646290E-08 1.707143E-08 1.481312E-09 2.406214E-10 1.102163E-01 3.143745E-01 5.754091E-01
12 2.280611E-09 3.329050E-10 3.291917E-11 5.803160E-12 1.087771E-01 3.135340E-01 5.776890E-01
##---
27 1.3 1.4  : i wavelength min & max
# iz ExtRayleigh absg(1) absg(2) absg(3) wkd(1) wkd(2) wkd(3)
1 2.890332E-07 2.212919E-01 2.076561E-02 4.239170E-03 1.961865E-01 3.486054E-01 4.552080E-01
2 2.612049E-07 1.275672E-01 1.196821E-02 2.441206E-03 1.961820E-01 3.486032E-01 4.552147E-01
3 2.360583E-07 6.774154E-02 6.355595E-03 1.296642E-03 1.961735E-01 3.485992E-01 4.552272E-01
4 2.134262E-07 3.353683E-02 3.147687E-03 6.433660E-04 1.961573E-01 3.485914E-01 4.552511E-01
5 1.830048E-07 1.271017E-02 1.194349E-03 2.454591E-04 1.961166E-01 3.485719E-01 4.553114E-01
6 1.477961E-07 3.124090E-03 2.941335E-04 6.104713E-05 1.959684E-01 3.485009E-01 4.555305E-01
7 1.183038E-07 7.671806E-04 7.236536E-05 1.520373E-05 1.955617E-01 3.483062E-01 4.561320E-01
8 9.372009E-08 1.380540E-04 1.299839E-05 2.756478E-06 1.939792E-01 3.475483E-01 4.584724E-01
9 6.230815E-08 7.057929E-06 6.427086E-07 1.319816E-07 1.844691E-01 3.429938E-01 4.725370E-01
10 3.354330E-08 4.573182E-07 3.972975E-08 7.701482E-09 1.721416E-01 3.370907E-01 4.907677E-01
11 1.208259E-08 7.157374E-08 6.158674E-09 1.154286E-09 1.715446E-01 3.368045E-01 4.916508E-01
12 1.673806E-09 1.713299E-09 1.446183E-10 2.533274E-11 1.699086E-01 3.360206E-01 4.940707E-01
##---
28 1.4 1.5  : i wavelength min & max
# iz ExtRayleigh absg(1) absg(2) absg(3) wkd(1) wkd(2) wkd(3)
1 2.169154E-07 5.205529E-02 4.936439E-03 1.053073E-03 1.961693E-01 3.486101E-01 4.552205E-01
2 1.960306E-07 3.001096E-02 2.844776E-03 6.058518E-04 1.961580E-01 3.486101E-01 4.552318E-01
3 1.771584E-07 1.593981E-02 1.510827E-03 3.216628E-04 1.961374E-01 3.486102E-01 4.552523E-01
4 1.601734E-07 7.894426E-03 7.485750E-04 1.596616E-04 1.960997E-01 3.486104E-01 4.552899E-01
5 1.373426E-07 2.994707E-03 2.843868E-04 6.102966E-05 1.960112E-01 3.486108E-01 4.553780E-01
6 1.109189E-07 7.383222E-04 7.030413E-05 1.525867E-05 1.957191E-01 3.486121E-01 4.556688E-01
7 8.878535E-08 1.826299E-04 1.745168E-05 3.841160E-06 1.950272E-01 3.486151E-01 4.563576E-01
8 7.033562E-08 3.372991E-05 3.238863E-06 7.204115E-07 1.928341E-01 3.486248E-01 4.585412E-01
9 4.676140E-08 2.175517E-06 2.204590E-07 4.680075E-08 1.841856E-01 3.486626E-01 4.671518E-01
10 2.517378E-08 2.938604E-07 3.329404E-08 6.449322E-09 1.743664E-01 3.487057E-01 4.769278E-01
11 9.067812E-09 4.746388E-08 5.378174E-09 1.027652E-09 1.740321E-01 3.487072E-01 4.772607E-01
12 1.256168E-09 1.321535E-09 1.507229E-10 2.804948E-11 1.725347E-01 3.487138E-01 4.787516E-01
##---
29 1.5 1.6  : i wavelength min & max
# iz ExtRayleigh absg(1) absg(2) absg(3) wkd(1) wkd(2) wkd(3)
1 1.659637E-07 2.095800E-04 2.185817E-05 7.651803E-06 1.766895E-01 3.486955E-01 4.746150E-01
2 1.499846E-07 1.236806E-04 1.281601E-05 4.451977E-06 1.748238E-01 3.487037E-01 4.764724E-01
3 1.355454E-07 6.814707E-05 7.017284E-06 2.409227E-06 1.724057E-01 3.487143E-01 4.788800E-01
4 1.225500E-07 3.576343E-05 3.667839E-06 1.235689E-06 1.694799E-01 3.487271E-01 4.817930E-01
5 1.050819E-07 1.519697E-05 1.562879E-06 5.068617E-07 1.656123E-01 3.487441E-01 4.856436E-01
6 8.486497E-08 4.998594E-06 5.239608E-07 1.528336E-07 1.603995E-01 3.487670E-01 4.908336E-01
7 6.793040E-08 1.995556E-06 2.148120E-07 5.388119E-08 1.561145E-01 3.487858E-01 4.950999E-01
8 5.381436E-08 9.140564E-07 9.983734E-08 2.066554E-08 1.514418E-01 3.488062E-01 4.997520E-01
9 3.577753E-08 3.790009E-07 4.018186E-08 7.141129E-09 1.438743E-01 3.488394E-01 5.072864E-01
10 1.926067E-08 1.331943E-07 1.371989E-08 2.373745E-09 1.394820E-01 3.488587E-01 5.116594E-01
11 6.937858E-09 2.188442E-08 2.252215E-09 3.892816E-10 1.393688E-01 3.488592E-01 5.117721E-01
12 9.611042E-10 6.518397E-10 6.684057E-11 1.152490E-11 1.388710E-01 3.488613E-01 5.122678E-01
##---
30 1.6 1.7  : i wavelength min & max
# iz ExtRayleigh absg(1) absg(2) absg(3) wkd(1) wkd(2) wkd(3)
1 1.291388E-07 2.046763E-05 6.653120E-06 5.418512E-06 1.724146E-01 3.482094E-01 4.793758E-01
2 1.167052E-07 1.327990E-05 4.041814E-06 3.193896E-06 1.697943E-01 3.483172E-01 4.818885E-01
3 1.054698E-07 8.489672E-06 2.336596E-06 1.753814E-06 1.665797E-01 3.484768E-01 4.849435E-01
4 9.535791E-08 5.531982E-06 1.324671E-06 9.143059E-07 1.628701E-01 3.487054E-01 4.884245E-01
5 8.176576E-08 3.309902E-06 6.486829E-07 3.835761E-07 1.580217E-01 3.490870E-01 4.928912E-01
6 6.603466E-08 1.857409E-06 2.761452E-07 1.192001E-07 1.512277E-01 3.497999E-01 4.989724E-01
7 5.285763E-08 1.131416E-06 1.391049E-07 4.305452E-08 1.454548E-01 3.505766E-01 5.039687E-01
8 4.187373E-08 7.018423E-07 7.534788E-08 1.675275E-08 1.401052E-01 3.514374E-01 5.084574E-01
9 2.783901E-08 3.276299E-07 3.255954E-08 5.832064E-09 1.358859E-01 3.522030E-01 5.119112E-01
10 1.498700E-08 1.137344E-07 1.116957E-08 1.945813E-09 1.348950E-01 3.523181E-01 5.127869E-01
11 5.398447E-09 1.856973E-08 1.820002E-09 3.163424E-10 1.343264E-01 3.521259E-01 5.135478E-01
12 7.478491E-10 5.502457E-10 5.355244E-11 9.251122E-12 1.329289E-01 3.516219E-01 5.154492E-01
##---
31 1.7 1.8  : i wavelength min & max
# iz ExtRayleigh absg(1) absg(2) absg(3) wkd(1) wkd(2) wkd(3)
1 1.019884E-07 2.312213E-03 2.411606E-04 7.046960E-05 1.984998E-01 3.474980E-01 4.540022E-01
2 9.216891E-08 1.316181E-03 1.368740E-04 3.967843E-05 1.984998E-01 3.474980E-01 4.540023E-01
3 8.329567E-08 6.888072E-04 7.150775E-05 2.063152E-05 1.984996E-01 3.474981E-01 4.540024E-01
4 7.530971E-08 3.354027E-04 3.483299E-05 1.006086E-05 1.984993E-01 3.474981E-01 4.540026E-01
5 6.457518E-08 1.239515E-04 1.293568E-05 3.786096E-06 1.984987E-01 3.474983E-01 4.540031E-01
6 5.215142E-08 2.937814E-05 3.098834E-06 9.330021E-07 1.984964E-01 3.474988E-01 4.540049E-01
7 4.174475E-08 6.929474E-06 7.425385E-07 2.326550E-07 1.984904E-01 3.475002E-01 4.540095E-01
8 3.307013E-08 1.188499E-06 1.298647E-07 4.263186E-08 1.984663E-01 3.475057E-01 4.540281E-01
9 2.198609E-08 5.583708E-08 6.183825E-09 2.097869E-09 1.982340E-01 3.475593E-01 4.542068E-01
10 1.183611E-08 3.328921E-09 3.660952E-10 1.230440E-10 1.976919E-01 3.476843E-01 4.546239E-01
11 4.263469E-09 5.246296E-10 5.605686E-11 1.758907E-11 1.978278E-01 3.476530E-01 4.545193E-01
12 5.906201E-10 1.303529E-11 1.315727E-12 3.521820E-13 1.980857E-01 3.475935E-01 4.543209E-01
##---
32 1.8 1.9  : i wavelength min & max
# iz ExtRayleigh absg(1) absg(2) absg(3) wkd(1) wkd(2) wkd(3)
1 8.161550E-08 4.635871E-01 4.344843E-02 8.821620E-03 1.984998E-01 3.474980E-01 4.540022E-01
2 7.375751E-08 2.639867E-01 2.474952E-02 5.032171E-03 1.984998E-01 3.474980E-01 4.540022E-01
3 6.665675E-08 1.381913E-01 1.296431E-02 2.643407E-03 1.984996E-01 3.474980E-01 4.540024E-01
4 6.026605E-08 6.729492E-02 6.320447E-03 1.295085E-03 1.984994E-01 3.474980E-01 4.540026E-01
5 5.167582E-08 2.486190E-02 2.340822E-03 4.846932E-04 1.984988E-01 3.474981E-01 4.540031E-01
6 4.173380E-08 5.887933E-03 5.567637E-04 1.173835E-04 1.984969E-01 3.474982E-01 4.540048E-01
7 3.340593E-08 1.387057E-03 1.319098E-04 2.846476E-05 1.984922E-01 3.474987E-01 4.540091E-01
8 2.646413E-08 2.375327E-04 2.274634E-05 5.044844E-06 1.984733E-01 3.475004E-01 4.540262E-01
9 1.759421E-08 1.116160E-05 1.074003E-06 2.428751E-07 1.982616E-01 3.475195E-01 4.542188E-01
10 9.471760E-09 6.721276E-07 6.449179E-08 1.446419E-08 1.973426E-01 3.476025E-01 4.550548E-01
11 3.411810E-09 1.062058E-07 1.008883E-08 2.175248E-09 1.973895E-01 3.475982E-01 4.550123E-01
12 4.726394E-10 2.656348E-09 2.475276E-10 4.920410E-11 1.973635E-01 3.476005E-01 4.550359E-01
##---
33 1.9 2  : i wavelength min & max
# iz ExtRayleigh absg(1) absg(2) absg(3) wkd(1) wkd(2) wkd(3)
1 6.608671E-08 1.241679E-01 1.149694E-02 2.370101E-03 1.951222E-01 3.477997E-01 4.570781E-01
2 5.972383E-08 7.113081E-02 6.554621E-03 1.350097E-03 1.941189E-01 3.478889E-01 4.579922E-01
3 5.397413E-08 3.758680E-02 3.439558E-03 7.083435E-04 1.925945E-01 3.480240E-01 4.593814E-01
4 4.879936E-08 1.856732E-02 1.682794E-03 3.468602E-04 1.903870E-01 3.482190E-01 4.613940E-01
5 4.184358E-08 7.037920E-03 6.286396E-04 1.300863E-04 1.867699E-01 3.485357E-01 4.646944E-01
6 3.379320E-08 1.763348E-03 1.539830E-04 3.200748E-05 1.803671E-01 3.490851E-01 4.705478E-01
7 2.704986E-08 4.539159E-04 3.918809E-05 8.167139E-06 1.738904E-01 3.496162E-01 4.764934E-01
8 2.142886E-08 9.752330E-05 8.619561E-06 1.756612E-06 1.666458E-01 3.501706E-01 4.831836E-01
9 1.424660E-08 1.406545E-05 1.416586E-06 2.584856E-07 1.593680E-01 3.507234E-01 4.899086E-01
10 7.669590E-09 3.653505E-06 3.847354E-07 6.724932E-08 1.569495E-01 3.509952E-01 4.920553E-01
11 2.762653E-09 5.524540E-07 5.813921E-08 1.014989E-08 1.571181E-01 3.511067E-01 4.917751E-01
12 3.827113E-10 1.418068E-08 1.491805E-09 2.593140E-10 1.571790E-01 3.511974E-01 4.916235E-01
##---
34 2 2.1  : i wavelength min & max
# iz ExtRayleigh absg(1) absg(2) absg(3) wkd(1) wkd(2) wkd(3)
1 5.408289E-08 1.424268E-03 1.474572E-04 3.564782E-05 1.517789E-01 3.517017E-01 4.965193E-01
2 4.887575E-08 1.097244E-03 1.106924E-04 2.481029E-05 1.479926E-01 3.520388E-01 4.999686E-01
3 4.417041E-08 8.481971E-04 8.324836E-05 1.726085E-05 1.440791E-01 3.523849E-01 5.035359E-01
4 3.993557E-08 6.602988E-04 6.317053E-05 1.222370E-05 1.405369E-01 3.526946E-01 5.067684E-01
5 3.424322E-08 4.592189E-04 4.288862E-05 7.810049E-06 1.372895E-01 3.529721E-01 5.097383E-01
6 2.765509E-08 2.810150E-04 2.570547E-05 4.454640E-06 1.346149E-01 3.531907E-01 5.121943E-01
7 2.213659E-08 1.686951E-04 1.528518E-05 2.591324E-06 1.334384E-01 3.532778E-01 5.132837E-01
8 1.753658E-08 9.891170E-05 8.918033E-06 1.494092E-06 1.328586E-01 3.533148E-01 5.138265E-01
9 1.165888E-08 4.249478E-05 3.823700E-06 6.372975E-07 1.326391E-01 3.533288E-01 5.140321E-01
10 6.276506E-09 1.378410E-05 1.240165E-06 2.066107E-07 1.326398E-01 3.533529E-01 5.140073E-01
11 2.260852E-09 2.080127E-06 1.871851E-07 3.119274E-08 1.326811E-01 3.533938E-01 5.139250E-01
12 3.131967E-10 5.349995E-08 4.814964E-09 8.025007E-10 1.327123E-01 3.534249E-01 5.138628E-01
##---
35 2.1 2.2  : i wavelength min & max
# iz ExtRayleigh absg(1) absg(2) absg(3) wkd(1) wkd(2) wkd(3)
1 4.468568E-08 1.081282E-04 2.073062E-05 1.354396E-05 1.906220E-01 3.449053E-01 4.644726E-01
2 4.038331E-08 6.347051E-05 1.212254E-05 7.897872E-06 1.878191E-01 3.439507E-01 4.682302E-01
3 3.649555E-08 3.494807E-05 6.604535E-06 4.267175E-06 1.834213E-01 3.424475E-01 4.741311E-01
4 3.299654E-08 1.850297E-05 3.423169E-06 2.171358E-06 1.769221E-01 3.402238E-01 4.828541E-01
5 2.829326E-08 8.095467E-06 1.434352E-06 8.709137E-07 1.661215E-01 3.365237E-01 4.973547E-01
6 2.284986E-08 2.909006E-06 4.602383E-07 2.431349E-07 1.476872E-01 3.304272E-01 5.218857E-01
7 1.829024E-08 1.305094E-06 1.785768E-07 7.455981E-08 1.306635E-01 3.251314E-01 5.442051E-01
8 1.448950E-08 6.732405E-07 7.761190E-08 2.217437E-08 1.156903E-01 3.210419E-01 5.632677E-01
9 9.633086E-09 2.819378E-07 2.841713E-08 5.497884E-09 1.062131E-01 3.195129E-01 5.742741E-01
10 5.185927E-09 8.206813E-08 7.932559E-09 1.420055E-09 1.076386E-01 3.221514E-01 5.702100E-01
11 1.868016E-09 9.046943E-09 8.437275E-10 1.472295E-10 1.147811E-01 3.291700E-01 5.560489E-01
12 2.587769E-10 1.436959E-10 1.311397E-11 2.224348E-12 1.269136E-01 3.414102E-01 5.316762E-01
##---
36 2.2 2.3  : i wavelength min & max
# iz ExtRayleigh absg(1) absg(2) absg(3) wkd(1) wkd(2) wkd(3)
1 3.724422E-08 7.650113E-05 1.970745E-05 1.503464E-05 1.602456E-01 3.473963E-01 4.923581E-01
2 3.365832E-08 5.387618E-05 1.223697E-05 8.756710E-06 1.582473E-01 3.475530E-01 4.941997E-01
3 3.041799E-08 3.819788E-05 7.391810E-06 4.778210E-06 1.560967E-01 3.477362E-01 4.961672E-01
4 2.750166E-08 2.783027E-05 4.511540E-06 2.512543E-06 1.538827E-01 3.479283E-01 4.981889E-01
5 2.358162E-08 1.863629E-05 2.489509E-06 1.099722E-06 1.511978E-01 3.480866E-01 5.007157E-01
6 1.904470E-08 1.139096E-05 1.255960E-06 3.881169E-07 1.478124E-01 3.481825E-01 5.040050E-01
7 1.524438E-08 7.058310E-06 7.064510E-07 1.665256E-07 1.453341E-01 3.480915E-01 5.065743E-01
8 1.207658E-08 4.287725E-06 4.066898E-07 7.868254E-08 1.435658E-01 3.479277E-01 5.085063E-01
9 8.028899E-09 1.864849E-06 1.727434E-07 3.017814E-08 1.428387E-01 3.479138E-01 5.092475E-01
10 4.322321E-09 5.636809E-07 5.177864E-08 8.879069E-09 1.443113E-01 3.492029E-01 5.064858E-01
11 1.556937E-09 6.091798E-08 5.551667E-09 9.433658E-10 1.470148E-01 3.514475E-01 5.015377E-01
12 2.156832E-10 7.044689E-10 6.378962E-11 1.076027E-11 1.503025E-01 3.541616E-01 4.955359E-01
##---
37 2.3 2.4  : i wavelength min & max
# iz ExtRayleigh absg(1) absg(2) absg(3) wkd(1) wkd(2) wkd(3)
1 3.128969E-08 8.060195E-04 9.510847E-05 3.897534E-05 1.860276E-01 3.503281E-01 4.636442E-01
2 2.827710E-08 4.844342E-04 5.538805E-05 2.165733E-05 1.833639E-01 3.509349E-01 4.657013E-01
3 2.555482E-08 2.776067E-04 3.062089E-05 1.124085E-05 1.799189E-01 3.517204E-01 4.683608E-01
4 2.310475E-08 1.566248E-04 1.666171E-05 5.637551E-06 1.758760E-01 3.526431E-01 4.714808E-01
5 1.981144E-08 7.659194E-05 7.846387E-06 2.354957E-06 1.708108E-01 3.537999E-01 4.753892E-01
6 1.599987E-08 3.338823E-05 3.265687E-06 7.998225E-07 1.644695E-01 3.552516E-01 4.802788E-01
7 1.280714E-08 1.733591E-05 1.637421E-06 3.383233E-07 1.598177E-01 3.563232E-01 4.838592E-01
8 1.014580E-08 9.625523E-06 8.827514E-07 1.596188E-07 1.563121E-01 3.571369E-01 4.865510E-01
9 6.745255E-09 4.051828E-06 3.655146E-07 6.154879E-08 1.545852E-01 3.575546E-01 4.878602E-01
10 3.631277E-09 1.245186E-06 1.121131E-07 1.872144E-08 1.544377E-01 3.576155E-01 4.879468E-01
11 1.308017E-09 1.392180E-07 1.253629E-08 2.094216E-09 1.544698E-01 3.576205E-01 4.879097E-01
12 1.812001E-10 1.674339E-09 1.508118E-10 2.521389E-11 1.545128E-01 3.576065E-01 4.878808E-01
##---
38 2.4 2.5  : i wavelength min & max
# iz ExtRayleigh absg(1) absg(2) absg(3) wkd(1) wkd(2) wkd(3)
1 2.647927E-08 1.343229E-02 1.377275E-03 3.838802E-04 1.984670E-01 3.475055E-01 4.540275E-01
2 2.392983E-08 7.637952E-03 7.778280E-04 2.125569E-04 1.984523E-01 3.475088E-01 4.540389E-01
3 2.162606E-08 3.994148E-03 4.043009E-04 1.085357E-04 1.984254E-01 3.475149E-01 4.540597E-01
4 1.955267E-08 1.944248E-03 1.960118E-04 5.200837E-05 1.983757E-01 3.475261E-01 4.540980E-01
5 1.676566E-08 7.185424E-04 7.240920E-05 1.921437E-05 1.982605E-01 3.475522E-01 4.541872E-01
6 1.354008E-08 1.706823E-04 1.725017E-05 4.637923E-06 1.979040E-01 3.476328E-01 4.544631E-01
7 1.083819E-08 4.053349E-05 4.124537E-06 1.139947E-06 1.971873E-01 3.477941E-01 4.550184E-01
8 8.586002E-09 7.121283E-06 7.299549E-07 2.079210E-07 1.955730E-01 3.481510E-01 4.562759E-01
9 5.708252E-09 4.058699E-07 4.207780E-08 1.140814E-08 1.915119E-01 3.489203E-01 4.595678E-01
10 3.073011E-09 4.335449E-08 4.620996E-09 1.037707E-09 1.875071E-01 3.491231E-01 4.633698E-01
11 1.106925E-09 5.678405E-09 5.956206E-10 1.345857E-10 1.882008E-01 3.490890E-01 4.627101E-01
12 1.533427E-10 1.036873E-10 1.042682E-11 2.301591E-12 1.894598E-01 3.489423E-01 4.615978E-01
##---
39 2.5 2.6  : i wavelength min & max
# iz ExtRayleigh absg(1) absg(2) absg(3) wkd(1) wkd(2) wkd(3)
1 2.255896E-08 2.004830E+00 1.887082E-01 3.902778E-02 1.984998E-01 3.474979E-01 4.540021E-01
2 2.038697E-08 1.140764E+00 1.074087E-01 2.224204E-02 1.984998E-01 3.474979E-01 4.540022E-01
3 1.842428E-08 5.968435E-01 5.623359E-02 1.167781E-02 1.984996E-01 3.474979E-01 4.540024E-01
4 1.665785E-08 2.905602E-01 2.740965E-02 5.721395E-03 1.984994E-01 3.474978E-01 4.540027E-01
5 1.428347E-08 1.073000E-01 1.014934E-02 2.142403E-03 1.984988E-01 3.474976E-01 4.540036E-01
6 1.153544E-08 2.540093E-02 2.414106E-03 5.195753E-04 1.984967E-01 3.474967E-01 4.540064E-01
7 9.233577E-09 5.982400E-03 5.721620E-04 1.262549E-04 1.984909E-01 3.474945E-01 4.540146E-01
8 7.314826E-09 1.024244E-03 9.871874E-05 2.243349E-05 1.984667E-01 3.474850E-01 4.540482E-01
9 4.863133E-09 4.788753E-05 4.646890E-06 1.080544E-06 1.981906E-01 3.473761E-01 4.544333E-01
10 2.618045E-09 2.840667E-06 2.760533E-07 6.409478E-08 1.970937E-01 3.469659E-01 4.559403E-01
11 9.430424E-10 4.362836E-07 4.188115E-08 9.357180E-09 1.975883E-01 3.471951E-01 4.552166E-01
12 1.306400E-10 1.032573E-08 9.699929E-10 1.995929E-10 1.979795E-01 3.473661E-01 4.546545E-01
##---
40 2.6 2.7  : i wavelength min & max
# iz ExtRayleigh absg(1) absg(2) absg(3) wkd(1) wkd(2) wkd(3)
1 1.933819E-08 6.708200E+00 6.218870E-01 1.205789E-01 1.976578E-01 3.475210E-01 4.548212E-01
2 1.747629E-08 3.833119E+00 3.553489E-01 6.894722E-02 1.973227E-01 3.475302E-01 4.551471E-01
3 1.579382E-08 2.020424E+00 1.873232E-01 3.639273E-02 1.967472E-01 3.475460E-01 4.557067E-01
4 1.427959E-08 9.965999E-01 9.244177E-02 1.799701E-02 1.957795E-01 3.475724E-01 4.566480E-01
5 1.224420E-08 3.787684E-01 3.521120E-02 6.884933E-03 1.938681E-01 3.476244E-01 4.585075E-01
6 9.888511E-09 9.746258E-02 9.167999E-03 1.798829E-03 1.896358E-01 3.477384E-01 4.626258E-01
7 7.915287E-09 2.710680E-02 2.646749E-03 5.186441E-04 1.846784E-01 3.478671E-01 4.674544E-01
8 6.270478E-09 7.281132E-03 7.824309E-04 1.503805E-04 1.790008E-01 3.479898E-01 4.730094E-01
9 4.168817E-09 1.800430E-03 2.181988E-04 3.999558E-05 1.711238E-01 3.478321E-01 4.810442E-01
10 2.244263E-09 5.870171E-04 7.064438E-05 1.261314E-05 1.644324E-01 3.466764E-01 4.888912E-01
11 8.084030E-10 9.855045E-05 1.193719E-05 2.141121E-06 1.656817E-01 3.472114E-01 4.871069E-01
12 1.119884E-10 3.199097E-06 3.899507E-07 7.017461E-08 1.666829E-01 3.476450E-01 4.856720E-01
##---
41 2.7 2.8  : i wavelength min & max
# iz ExtRayleigh absg(1) absg(2) absg(3) wkd(1) wkd(2) wkd(3)
1 1.667234E-08 3.166660E+00 2.964925E-01 6.013884E-02 1.964823E-01 3.475538E-01 4.559639E-01
2 1.506711E-08 1.821022E+00 1.704404E-01 3.455293E-02 1.956746E-01 3.475762E-01 4.567491E-01
3 1.361658E-08 9.707388E-01 9.081737E-02 1.840091E-02 1.942806E-01 3.476148E-01 4.581045E-01
4 1.231109E-08 4.884743E-01 4.567685E-02 9.244982E-03 1.919168E-01 3.476802E-01 4.604030E-01
5 1.055629E-08 1.938920E-01 1.813126E-02 3.660156E-03 1.871702E-01 3.478116E-01 4.650181E-01
6 8.525340E-09 5.629432E-02 5.282865E-03 1.048272E-03 1.762451E-01 3.481140E-01 4.756409E-01
7 6.824132E-09 1.923506E-02 1.827421E-03 3.506553E-04 1.625392E-01 3.484933E-01 4.889675E-01
8 5.406067E-09 7.388109E-03 7.083604E-04 1.280199E-04 1.454367E-01 3.489666E-01 5.055967E-01
9 3.594129E-09 2.734272E-03 2.513585E-04 4.250644E-05 1.275787E-01 3.494608E-01 5.229605E-01
10 1.934882E-09 9.290071E-04 8.397722E-05 1.403375E-05 1.240311E-01 3.495592E-01 5.264097E-01
11 6.969614E-10 1.574200E-04 1.422403E-05 2.375931E-06 1.239585E-01 3.495615E-01 5.264800E-01
12 9.655032E-11 5.165344E-06 4.662041E-07 7.780045E-08 1.237507E-01 3.495674E-01 5.266818E-01
##---
42 2.8 2.9  : i wavelength min & max
# iz ExtRayleigh absg(1) absg(2) absg(3) wkd(1) wkd(2) wkd(3)
1 1.445052E-08 3.408029E-01 3.227144E-02 6.802192E-03 1.976794E-01 3.473526E-01 4.549679E-01
2 1.305921E-08 1.949081E-01 1.845773E-02 3.882490E-03 1.973209E-01 3.472831E-01 4.553960E-01
3 1.180198E-08 1.029209E-01 9.753558E-03 2.049150E-03 1.966708E-01 3.471522E-01 4.561770E-01
4 1.067047E-08 5.095993E-02 4.837377E-03 1.015947E-03 1.954788E-01 3.469014E-01 4.576198E-01
5 9.149517E-09 1.957340E-02 1.864847E-03 3.917072E-04 1.927101E-01 3.462748E-01 4.610151E-01
6 7.389220E-09 5.252598E-03 5.031737E-04 1.040930E-04 1.841831E-01 3.441477E-01 4.716692E-01
7 5.914722E-09 1.623736E-03 1.552648E-04 3.058556E-05 1.676559E-01 3.395393E-01 4.928048E-01
8 4.685634E-09 5.642769E-04 5.180104E-05 9.001140E-06 1.364492E-01 3.301772E-01 5.333737E-01
9 3.115161E-09 2.030534E-04 1.640713E-05 2.405391E-06 1.005790E-01 3.194599E-01 5.799611E-01
10 1.677032E-09 6.731820E-05 5.282087E-06 7.525069E-07 9.628145E-02 3.195475E-01 5.841711E-01
11 6.040815E-10 1.057536E-05 8.539845E-07 1.242674E-07 1.022925E-01 3.255941E-01 5.721133E-01
12 8.368365E-11 3.041091E-07 2.638804E-08 4.131102E-09 1.152658E-01 3.387904E-01 5.459439E-01
##---
43 2.9 3  : i wavelength min & max
# iz ExtRayleigh absg(1) absg(2) absg(3) wkd(1) wkd(2) wkd(3)
1 1.258684E-08 3.335199E-02 3.226755E-03 7.530260E-04 1.951677E-01 3.493214E-01 4.555109E-01
2 1.137497E-08 1.887969E-02 1.824829E-03 4.244421E-04 1.951127E-01 3.492946E-01 4.555926E-01
3 1.027989E-08 9.822509E-03 9.491242E-04 2.205672E-04 1.950089E-01 3.492439E-01 4.557471E-01
4 9.294302E-09 4.754668E-03 4.598113E-04 1.072019E-04 1.948083E-01 3.491454E-01 4.560463E-01
5 7.969509E-09 1.743392E-03 1.691708E-04 3.993952E-05 1.942952E-01 3.488911E-01 4.568136E-01
6 6.436237E-09 4.120687E-04 4.023646E-05 9.714568E-06 1.924081E-01 3.479470E-01 4.596449E-01
7 5.151904E-09 9.915965E-05 9.754059E-06 2.412991E-06 1.873502E-01 3.453905E-01 4.672592E-01
8 4.081330E-09 1.926304E-05 1.902190E-06 4.698610E-07 1.700666E-01 3.365864E-01 4.933470E-01
9 2.713400E-09 2.158261E-06 2.161320E-07 4.499882E-08 1.076747E-01 3.045069E-01 5.878184E-01
10 1.460746E-09 4.391192E-07 4.250784E-08 7.657420E-09 7.657383E-02 2.892443E-01 6.341819E-01
11 5.261735E-10 4.180388E-08 4.076450E-09 7.508796E-10 9.447899E-02 3.022024E-01 6.033187E-01
12 7.289101E-11 6.481162E-10 6.370437E-11 1.167391E-11 1.302529E-01 3.290541E-01 5.406930E-01
##---
44 3 3.1  : i wavelength min & max
# iz ExtRayleigh absg(1) absg(2) absg(3) wkd(1) wkd(2) wkd(3)
1 1.101421E-08 3.785829E-02 3.575488E-03 7.500185E-04 1.945318E-01 3.498076E-01 4.556606E-01
2 9.953752E-09 2.137216E-02 2.019109E-03 4.241059E-04 1.945280E-01 3.498063E-01 4.556656E-01
3 8.995489E-09 1.108044E-02 1.047588E-03 2.207276E-04 1.945209E-01 3.498040E-01 4.556750E-01
4 8.133046E-09 5.338734E-03 5.054640E-04 1.071367E-04 1.945074E-01 3.497995E-01 4.556931E-01
5 6.973776E-09 1.940583E-03 1.843423E-04 3.961116E-05 1.944734E-01 3.497878E-01 4.557388E-01
6 5.632076E-09 4.493342E-04 4.293554E-05 9.450147E-06 1.943493E-01 3.497433E-01 4.559074E-01
7 4.508210E-09 1.034850E-04 9.964688E-06 2.262538E-06 1.940082E-01 3.496163E-01 4.563754E-01
8 3.571398E-09 1.743915E-05 1.692520E-06 3.977599E-07 1.926486E-01 3.491013E-01 4.582500E-01
9 2.374381E-09 8.713297E-07 8.467843E-08 1.998342E-08 1.831371E-01 3.456928E-01 4.711700E-01
10 1.278237E-09 6.596240E-08 6.745762E-09 1.527552E-09 1.699486E-01 3.416969E-01 4.883545E-01
11 4.604319E-10 1.034441E-08 1.036190E-09 2.273692E-10 1.681604E-01 3.407540E-01 4.910856E-01
12 6.378381E-11 2.694923E-10 2.706804E-11 5.646923E-12 1.664528E-01 3.409325E-01 4.926147E-01
##---
45 3.1 3.2  : i wavelength min & max
# iz ExtRayleigh absg(1) absg(2) absg(3) wkd(1) wkd(2) wkd(3)
1 9.679723E-09 2.054519E-02 1.989848E-03 4.622686E-04 1.942541E-01 3.498522E-01 4.558936E-01
2 8.747752E-09 1.161600E-02 1.125519E-03 2.623154E-04 1.941228E-01 3.498690E-01 4.560081E-01
3 7.905593E-09 6.038982E-03 5.854966E-04 1.371627E-04 1.938827E-01 3.498975E-01 4.562197E-01
4 7.147644E-09 2.924586E-03 2.837694E-04 6.701457E-05 1.934418E-01 3.499442E-01 4.566140E-01
5 6.128831E-09 1.076022E-03 1.045568E-04 2.509469E-05 1.924263E-01 3.500204E-01 4.575532E-01
6 4.949691E-09 2.590174E-04 2.513745E-05 6.162441E-06 1.894854E-01 3.500661E-01 4.604486E-01
7 3.961994E-09 6.518751E-05 6.305269E-06 1.563520E-06 1.841254E-01 3.494876E-01 4.663869E-01
8 3.138686E-09 1.455096E-05 1.400986E-06 3.300939E-07 1.724988E-01 3.457256E-01 4.817757E-01
9 2.086700E-09 3.028400E-06 2.795103E-07 4.887912E-08 1.309513E-01 3.185029E-01 5.505458E-01
10 1.123365E-09 1.587184E-06 1.314187E-07 2.033261E-08 7.412247E-02 2.685641E-01 6.573135E-01
11 4.046458E-10 6.494025E-07 5.801723E-08 9.626669E-09 4.081161E-02 2.349491E-01 7.242393E-01
12 5.605575E-11 3.026123E-08 2.799615E-09 4.695854E-10 3.186871E-02 2.258956E-01 7.422357E-01
##---
46 3.2 3.3  : i wavelength min & max
# iz ExtRayleigh absg(1) absg(2) absg(3) wkd(1) wkd(2) wkd(3)
1 8.541390E-09 3.430332E-02 3.250166E-03 6.937827E-04 1.939643E-01 3.498876E-01 4.561480E-01
2 7.719018E-09 1.945574E-02 1.843745E-03 3.946274E-04 1.936960E-01 3.499161E-01 4.563878E-01
3 6.975897E-09 1.017366E-02 9.641928E-04 2.071412E-04 1.932017E-01 3.499624E-01 4.568358E-01
4 6.307083E-09 4.981004E-03 4.719141E-04 1.018642E-04 1.922840E-01 3.500324E-01 4.576835E-01
5 5.408082E-09 1.881373E-03 1.779980E-04 3.869967E-05 1.901263E-01 3.501101E-01 4.597636E-01
6 4.367609E-09 4.933918E-04 4.629399E-05 1.002074E-05 1.837182E-01 3.498942E-01 4.663877E-01
7 3.496065E-09 1.492689E-04 1.380949E-05 2.884031E-06 1.723541E-01 3.481545E-01 4.794914E-01
8 2.769577E-09 5.026715E-05 4.576913E-06 8.649240E-07 1.538606E-01 3.424428E-01 5.036966E-01
9 1.841305E-09 1.778236E-05 1.628448E-06 2.819379E-07 1.278231E-01 3.268021E-01 5.453748E-01
10 9.912577E-10 7.720658E-06 8.203275E-07 1.603040E-07 1.020611E-01 3.011566E-01 5.967821E-01
11 3.570596E-10 2.921462E-06 3.887016E-07 7.791032E-08 6.454922E-02 2.610918E-01 6.743590E-01
12 4.946361E-11 1.746884E-07 2.033091E-08 3.669812E-09 4.078441E-02 2.357161E-01 7.234994E-01
##---
47 3.3 3.4  : i wavelength min & max
# iz ExtRayleigh absg(1) absg(2) absg(3) wkd(1) wkd(2) wkd(3)
1 7.565601E-09 8.885556E-03 8.631368E-04 2.060558E-04 1.912188E-01 3.504202E-01 4.583610E-01
2 6.837180E-09 5.154597E-03 4.995029E-04 1.189079E-04 1.899436E-01 3.506441E-01 4.594123E-01
3 6.178954E-09 2.803569E-03 2.706847E-04 6.405378E-05 1.878855E-01 3.509958E-01 4.611185E-01
4 5.586547E-09 1.468383E-03 1.410764E-04 3.298432E-05 1.847544E-01 3.515069E-01 4.637388E-01
5 4.790250E-09 6.367094E-04 6.078708E-05 1.384129E-05 1.794139E-01 3.522717E-01 4.683144E-01
6 3.868643E-09 2.308489E-04 2.179376E-05 4.607454E-06 1.699796E-01 3.531812E-01 4.768392E-01
7 3.096666E-09 1.054908E-04 9.819430E-06 1.899843E-06 1.607122E-01 3.529859E-01 4.863019E-01
8 2.453174E-09 5.535646E-05 5.063926E-06 8.991117E-07 1.512763E-01 3.503722E-01 4.983514E-01
9 1.630950E-09 2.492643E-05 2.270022E-06 3.875838E-07 1.373024E-01 3.388968E-01 5.238008E-01
10 8.780142E-10 1.070637E-05 1.027368E-06 1.842765E-07 1.080785E-01 3.079451E-01 5.839764E-01
11 3.162683E-10 3.549989E-06 3.953373E-07 7.349617E-08 6.202381E-02 2.586555E-01 6.793205E-01
12 4.381277E-11 1.800452E-07 1.906759E-08 3.347309E-09 3.908533E-02 2.341046E-01 7.268100E-01
##---
48 3.4 3.5  : i wavelength min & max
# iz ExtRayleigh absg(1) absg(2) absg(3) wkd(1) wkd(2) wkd(3)
1 6.725279E-09 6.961797E-04 8.186094E-05 3.131685E-05 1.832990E-01 3.519955E-01 4.647055E-01
2 6.077764E-09 4.414307E-04 5.078753E-05 1.864081E-05 1.800510E-01 3.526255E-01 4.673236E-01
3 5.492649E-09 2.753588E-04 3.067396E-05 1.052760E-05 1.756609E-01 3.534759E-01 4.708631E-01
4 4.966041E-09 1.751241E-04 1.871476E-05 5.825910E-06 1.704921E-01 3.544753E-01 4.750325E-01
5 4.258190E-09 1.015536E-04 1.029876E-05 2.772749E-06 1.645047E-01 3.556261E-01 4.798692E-01
6 3.438947E-09 5.451337E-05 5.208394E-06 1.141567E-06 1.587499E-01 3.567126E-01 4.845374E-01
7 2.752715E-09 3.169766E-05 2.932650E-06 5.607408E-07 1.560533E-01 3.571802E-01 4.867665E-01
8 2.180697E-09 1.861576E-05 1.691200E-06 2.958955E-07 1.547022E-01 3.573156E-01 4.879823E-01
9 1.449798E-09 8.050146E-06 7.258523E-07 1.218736E-07 1.534929E-01 3.566702E-01 4.898368E-01
10 7.804918E-10 2.578118E-06 2.328679E-07 3.911191E-08 1.492805E-01 3.527551E-01 4.979644E-01
11 2.811399E-10 3.751610E-07 3.460582E-08 5.981410E-09 1.249027E-01 3.301535E-01 5.449439E-01
12 3.894642E-11 7.731916E-09 7.591437E-10 1.375132E-10 9.228166E-02 2.997427E-01 6.079756E-01
##---
49 3.5 3.6  : i wavelength min & max
# iz ExtRayleigh absg(1) absg(2) absg(3) wkd(1) wkd(2) wkd(3)
1 5.998468E-09 1.131178E-03 1.186723E-04 3.519337E-05 1.903879E-01 3.491713E-01 4.604408E-01
2 5.420931E-09 6.594456E-04 6.914268E-05 2.046440E-05 1.885862E-01 3.488378E-01 4.625760E-01
3 4.899050E-09 3.619994E-04 3.783494E-05 1.109378E-05 1.854772E-01 3.482191E-01 4.663036E-01
4 4.429353E-09 1.929003E-04 2.001435E-05 5.742738E-06 1.803314E-01 3.470939E-01 4.725747E-01
5 3.798001E-09 8.688607E-05 8.877234E-06 2.426960E-06 1.706427E-01 3.445217E-01 4.848356E-01
6 3.067295E-09 3.416925E-05 3.372384E-06 8.143061E-07 1.529867E-01 3.382662E-01 5.087470E-01
7 2.455225E-09 1.689304E-05 1.620116E-06 3.429900E-07 1.373293E-01 3.292591E-01 5.334116E-01
8 1.945025E-09 9.456443E-06 8.951437E-07 1.720358E-07 1.235176E-01 3.148331E-01 5.616493E-01
9 1.293116E-09 4.501769E-06 4.443345E-07 9.133101E-08 1.050296E-01 2.806979E-01 6.142725E-01
10 6.961429E-10 1.744441E-06 2.301076E-07 7.052371E-08 8.226223E-02 2.315295E-01 6.862082E-01
11 2.507567E-10 2.460320E-07 1.091442E-07 5.089325E-08 6.790456E-02 2.018695E-01 7.302259E-01
12 3.473742E-11 4.395966E-09 7.544357E-09 3.687318E-09 6.210309E-02 1.911952E-01 7.467017E-01
##---
50 3.6 3.7  : i wavelength min & max
# iz ExtRayleigh absg(1) absg(2) absg(3) wkd(1) wkd(2) wkd(3)
1 5.367253E-09 1.000858E-03 1.068909E-04 3.333811E-05 1.931487E-01 3.497511E-01 4.571002E-01
2 4.850490E-09 5.713034E-04 6.114992E-05 1.920491E-05 1.925080E-01 3.496834E-01 4.578086E-01
3 4.383526E-09 3.021502E-04 3.238264E-05 1.022710E-05 1.913508E-01 3.495295E-01 4.591197E-01
4 3.963256E-09 1.509716E-04 1.617808E-05 5.126013E-06 1.892841E-01 3.491784E-01 4.615375E-01
5 3.398340E-09 5.967744E-05 6.381743E-06 2.021103E-06 1.847682E-01 3.480316E-01 4.672001E-01
6 2.744526E-09 1.769304E-05 1.864704E-06 5.668894E-07 1.736503E-01 3.437524E-01 4.825972E-01
7 2.196863E-09 6.492572E-06 6.703974E-07 1.862448E-07 1.583444E-01 3.344643E-01 5.071912E-01
8 1.740352E-09 2.871722E-06 2.896884E-07 7.065341E-08 1.377337E-01 3.159475E-01 5.463187E-01
9 1.157042E-09 1.290565E-06 1.362641E-07 3.449745E-08 1.073177E-01 2.723256E-01 6.203566E-01
10 6.228882E-10 5.677409E-07 8.905169E-08 3.035366E-08 7.408552E-02 2.121857E-01 7.137288E-01
11 2.243697E-10 1.294271E-07 6.595317E-08 2.187294E-08 4.011476E-02 1.502127E-01 8.096726E-01
12 3.108203E-11 5.691041E-09 6.273631E-09 1.512442E-09 1.751154E-02 1.092459E-01 8.732425E-01
##---
51 3.7 3.8  : i wavelength min & max
# iz ExtRayleigh absg(1) absg(2) absg(3) wkd(1) wkd(2) wkd(3)
1 4.816933E-09 6.026296E-04 7.177429E-05 2.803809E-05 1.937121E-01 3.499594E-01 4.563284E-01
2 4.353155E-09 3.434761E-04 4.122500E-05 1.632671E-05 1.933441E-01 3.500262E-01 4.566297E-01
3 3.934070E-09 1.811198E-04 2.195436E-05 8.846112E-06 1.926817E-01 3.501465E-01 4.571718E-01
4 3.556892E-09 8.999465E-05 1.106346E-05 4.565423E-06 1.914930E-01 3.503627E-01 4.581443E-01
5 3.049898E-09 3.511676E-05 4.435731E-06 1.911305E-06 1.888940E-01 3.508361E-01 4.602699E-01
6 2.463121E-09 1.005357E-05 1.333868E-06 6.164194E-07 1.821655E-01 3.520632E-01 4.657712E-01
7 1.971612E-09 3.485339E-06 4.876851E-07 2.405317E-07 1.727135E-01 3.537919E-01 4.734946E-01
8 1.561908E-09 1.394150E-06 2.032386E-07 1.049051E-07 1.616227E-01 3.558274E-01 4.825499E-01
9 1.038407E-09 4.994902E-07 7.276772E-08 3.761892E-08 1.541915E-01 3.571779E-01 4.886306E-01
10 5.590217E-10 1.513057E-07 2.146210E-08 1.077092E-08 1.531449E-01 3.572599E-01 4.895952E-01
11 2.013645E-10 1.748827E-08 2.454483E-09 1.214439E-09 1.524084E-01 3.565501E-01 4.910415E-01
12 2.789509E-11 2.444341E-10 3.398100E-11 1.642262E-11 1.492392E-01 3.528326E-01 4.979281E-01
##---
52 3.8 3.9  : i wavelength min & max
# iz ExtRayleigh absg(1) absg(2) absg(3) wkd(1) wkd(2) wkd(3)
1 4.335378E-09 3.715638E-04 5.368596E-05 2.633985E-05 1.362357E-01 3.183882E-01 5.453760E-01
2 3.917965E-09 2.376612E-04 3.495273E-05 1.657669E-05 1.306157E-01 3.155173E-01 5.538670E-01
3 3.540777E-09 1.484773E-04 2.249635E-05 1.015046E-05 1.244632E-01 3.124942E-01 5.630425E-01
4 3.201305E-09 9.399316E-05 1.481661E-05 6.276310E-06 1.181109E-01 3.095764E-01 5.723128E-01
5 2.744996E-09 5.462386E-05 8.989405E-06 3.508676E-06 1.105004E-01 3.064644E-01 5.830352E-01
6 2.216880E-09 3.058382E-05 5.084786E-06 1.793455E-06 1.005429E-01 3.032204E-01 5.962367E-01
7 1.774508E-09 1.898289E-05 3.051704E-06 1.012162E-06 9.268770E-02 3.013877E-01 6.059245E-01
8 1.405763E-09 1.180122E-05 1.812650E-06 5.807692E-07 8.664358E-02 3.004315E-01 6.129250E-01
9 9.345964E-10 5.153921E-06 7.676988E-07 2.408659E-07 8.373567E-02 3.002107E-01 6.160536E-01
10 5.031356E-10 1.354332E-06 2.029431E-07 6.568899E-08 8.471324E-02 3.014217E-01 6.138650E-01
11 1.812338E-10 1.181833E-07 1.808907E-08 6.431705E-09 8.708292E-02 3.039815E-01 6.089357E-01
12 2.510639E-11 1.132614E-09 1.737526E-10 7.192286E-11 9.123400E-02 3.090325E-01 5.997335E-01
##---
53 3.9 4  : i wavelength min & max
# iz ExtRayleigh absg(1) absg(2) absg(3) wkd(1) wkd(2) wkd(3)
1 3.912530E-09 1.388539E-04 4.085315E-05 3.041842E-05 8.600678E-02 2.956427E-01 6.183505E-01
2 3.535829E-09 1.068504E-04 2.885865E-05 2.049861E-05 8.100738E-02 2.933123E-01 6.256804E-01
3 3.195429E-09 8.287668E-05 2.046588E-05 1.374656E-05 7.663137E-02 2.913016E-01 6.320670E-01
4 2.889067E-09 6.521151E-05 1.487413E-05 9.444163E-06 7.329424E-02 2.897816E-01 6.369242E-01
5 2.477265E-09 4.674040E-05 9.906890E-06 5.938019E-06 7.058769E-02 2.884847E-01 6.409276E-01
6 2.000658E-09 3.020858E-05 6.005137E-06 3.408460E-06 6.852725E-02 2.873556E-01 6.441171E-01
7 1.601432E-09 1.916132E-05 3.692450E-06 2.040327E-06 6.751690E-02 2.866677E-01 6.458154E-01
8 1.268652E-09 1.168175E-05 2.224195E-06 1.216846E-06 6.698835E-02 2.862320E-01 6.467797E-01
9 8.434412E-10 4.997927E-06 9.417370E-07 5.100198E-07 6.695657E-02 2.861234E-01 6.469200E-01
10 4.540626E-10 1.303139E-06 2.576093E-07 1.440538E-07 6.921159E-02 2.881503E-01 6.426381E-01
11 1.635573E-10 1.133469E-07 2.542474E-08 1.544220E-08 7.480387E-02 2.935703E-01 6.316258E-01
12 2.265765E-11 1.156627E-09 2.944105E-10 1.975472E-10 8.376876E-02 3.010158E-01 6.152154E-01
