##---
1 0.3 0.32  : i wavelength min & max
# iz ExtRayleigh absg(1) absg(2) absg(3) wkd(1) wkd(2) wkd(3)
1 1.197299E-04 9.097309E-06 9.097309E-06 9.097309E-06 3.333333E-01 3.333333E-01 3.333333E-01
2 1.085459E-04 8.964172E-06 8.964172E-06 8.964172E-06 3.333333E-01 3.333333E-01 3.333333E-01
3 9.816816E-05 8.493571E-06 8.493571E-06 8.493571E-06 3.333333E-01 3.333333E-01 3.333333E-01
4 8.857394E-05 7.732495E-06 7.732495E-06 7.732495E-06 3.333333E-01 3.333333E-01 3.333333E-01
5 7.558843E-05 7.227354E-06 7.227354E-06 7.227354E-06 3.333333E-01 3.333333E-01 3.333333E-01
6 6.056925E-05 7.603219E-06 7.603219E-06 7.603219E-06 3.333333E-01 3.333333E-01 3.333333E-01
7 4.794588E-05 1.117493E-05 1.117493E-05 1.117493E-05 3.333333E-01 3.333333E-01 3.333333E-01
8 3.695932E-05 1.961619E-05 1.961619E-05 1.961619E-05 3.333333E-01 3.333333E-01 3.333333E-01
9 2.375577E-05 3.317391E-05 3.317391E-05 3.317391E-05 3.333333E-01 3.333333E-01 3.333333E-01
10 1.268125E-05 5.178334E-05 5.178334E-05 5.178334E-05 3.333333E-01 3.333333E-01 3.333333E-01
11 4.592061E-06 4.586774E-05 4.586774E-05 4.586774E-05 3.333333E-01 3.333333E-01 3.333333E-01
12 6.178179E-07 5.409473E-06 5.409473E-06 5.409473E-06 3.333333E-01 3.333333E-01 3.333333E-01
##---
2 0.32 0.34  : i wavelength min & max
# iz ExtRayleigh absg(1) absg(2) absg(3) wkd(1) wkd(2) wkd(3)
1 9.175364E-05 5.764747E-07 5.764747E-07 5.764747E-07 3.333333E-01 3.333333E-01 3.333333E-01
2 8.318289E-05 5.566526E-07 5.566526E-07 5.566526E-07 3.333333E-01 3.333333E-01 3.333333E-01
3 7.523004E-05 5.170101E-07 5.170101E-07 5.170101E-07 3.333333E-01 3.333333E-01 3.333333E-01
4 6.787763E-05 4.615712E-07 4.615712E-07 4.615712E-07 3.333333E-01 3.333333E-01 3.333333E-01
5 5.792633E-05 4.193785E-07 4.193785E-07 4.193785E-07 3.333333E-01 3.333333E-01 3.333333E-01
6 4.641655E-05 4.259437E-07 4.259437E-07 4.259437E-07 3.333333E-01 3.333333E-01 3.333333E-01
7 3.674277E-05 6.068546E-07 6.068546E-07 6.068546E-07 3.333333E-01 3.333333E-01 3.333333E-01
8 2.832335E-05 1.043964E-06 1.043964E-06 1.043964E-06 3.333333E-01 3.333333E-01 3.333333E-01
9 1.820496E-05 1.754740E-06 1.754740E-06 1.754740E-06 3.333333E-01 3.333333E-01 3.333333E-01
10 9.718133E-06 2.739090E-06 2.739090E-06 2.739090E-06 3.333333E-01 3.333333E-01 3.333333E-01
11 3.519074E-06 2.448637E-06 2.448637E-06 2.448637E-06 3.333333E-01 3.333333E-01 3.333333E-01
12 4.734577E-07 3.077925E-07 3.077925E-07 3.077925E-07 3.333333E-01 3.333333E-01 3.333333E-01
##---
3 0.34 0.36  : i wavelength min & max
# iz ExtRayleigh absg(1) absg(2) absg(3) wkd(1) wkd(2) wkd(3)
1 7.156482E-05 2.769427E-08 2.769427E-08 2.769427E-08 3.333333E-01 3.333333E-01 3.333333E-01
2 6.487993E-05 2.587114E-08 2.587114E-08 2.587114E-08 3.333333E-01 3.333333E-01 3.333333E-01
3 5.867696E-05 2.322921E-08 2.322921E-08 2.322921E-08 3.333333E-01 3.333333E-01 3.333333E-01
4 5.294232E-05 2.003863E-08 2.003863E-08 2.003863E-08 3.333333E-01 3.333333E-01 3.333333E-01
5 4.518063E-05 1.728993E-08 1.728993E-08 1.728993E-08 3.333333E-01 3.333333E-01 3.333333E-01
6 3.620339E-05 1.642321E-08 1.642321E-08 1.642321E-08 3.333333E-01 3.333333E-01 3.333333E-01
7 2.865816E-05 2.202856E-08 2.202856E-08 2.202856E-08 3.333333E-01 3.333333E-01 3.333333E-01
8 2.209128E-05 3.648621E-08 3.648621E-08 3.648621E-08 3.333333E-01 3.333333E-01 3.333333E-01
9 1.419928E-05 6.066605E-08 6.066605E-08 6.066605E-08 3.333333E-01 3.333333E-01 3.333333E-01
10 7.579825E-06 9.469762E-08 9.469762E-08 9.469762E-08 3.333333E-01 3.333333E-01 3.333333E-01
11 2.744762E-06 8.606391E-08 8.606391E-08 8.606391E-08 3.333333E-01 3.333333E-01 3.333333E-01
12 3.692815E-07 1.222778E-08 1.222778E-08 1.222778E-08 3.333333E-01 3.333333E-01 3.333333E-01
##---
4 0.36 0.38  : i wavelength min & max
# iz ExtRayleigh absg(1) absg(2) absg(3) wkd(1) wkd(2) wkd(3)
1 5.667959E-05 3.461508E-10 3.461508E-10 3.461508E-10 3.333333E-01 3.333333E-01 3.333333E-01
2 5.138513E-05 3.429390E-10 3.429390E-10 3.429390E-10 3.333333E-01 3.333333E-01 3.333333E-01
3 4.647236E-05 3.267517E-10 3.267517E-10 3.267517E-10 3.333333E-01 3.333333E-01 3.333333E-01
4 4.193050E-05 2.991790E-10 2.991790E-10 2.991790E-10 3.333333E-01 3.333333E-01 3.333333E-01
5 3.578322E-05 2.821139E-10 2.821139E-10 2.821139E-10 3.333333E-01 3.333333E-01 3.333333E-01
6 2.867321E-05 3.004212E-10 3.004212E-10 3.004212E-10 3.333333E-01 3.333333E-01 3.333333E-01
7 2.269736E-05 4.470991E-10 4.470991E-10 4.470991E-10 3.333333E-01 3.333333E-01 3.333333E-01
8 1.749637E-05 7.923786E-10 7.923786E-10 7.923786E-10 3.333333E-01 3.333333E-01 3.333333E-01
9 1.124587E-05 1.344411E-09 1.344411E-09 1.344411E-09 3.333333E-01 3.333333E-01 3.333333E-01
10 6.003248E-06 2.098580E-09 2.098580E-09 2.098580E-09 3.333333E-01 3.333333E-01 3.333333E-01
11 2.173861E-06 1.849863E-09 1.849863E-09 1.849863E-09 3.333333E-01 3.333333E-01 3.333333E-01
12 2.924722E-07 2.125521E-10 2.125521E-10 2.125521E-10 3.333333E-01 3.333333E-01 3.333333E-01
##---
5 0.38 0.4  : i wavelength min & max
# iz ExtRayleigh absg(1) absg(2) absg(3) wkd(1) wkd(2) wkd(3)
1 4.549822E-05 1.389485E-16 1.389485E-16 1.389485E-16 3.333334E-01 3.333334E-01 3.333334E-01
2 4.124821E-05 8.859659E-17 8.859659E-17 8.859659E-17 3.333334E-01 3.333334E-01 3.333334E-01
3 3.730461E-05 5.297790E-17 5.297790E-17 5.297790E-17 3.333334E-01 3.333334E-01 3.333334E-01
4 3.365873E-05 2.951246E-17 2.951246E-17 2.951246E-17 3.333334E-01 3.333334E-01 3.333334E-01
5 2.872415E-05 1.238149E-17 1.238149E-17 1.238149E-17 3.333334E-01 3.333334E-01 3.333334E-01
6 2.301675E-05 3.332776E-18 3.332776E-18 3.332776E-18 3.333334E-01 3.333334E-01 3.333334E-01
7 1.821978E-05 7.056473E-19 7.056473E-19 7.056473E-19 3.333334E-01 3.333334E-01 3.333334E-01
8 1.404481E-05 8.539155E-20 8.539155E-20 8.539155E-20 3.333334E-01 3.333334E-01 3.333334E-01
9 9.027363E-06 8.885466E-21 8.885466E-21 8.885466E-21 3.333334E-01 3.333334E-01 3.333334E-01
10 4.818967E-06 8.639361E-22 8.639361E-22 8.639361E-22 3.333334E-01 3.333334E-01 3.333334E-01
11 1.745016E-06 1.049791E-22 1.049791E-22 1.049791E-22 3.333334E-01 3.333334E-01 3.333334E-01
12 2.347752E-07 1.388516E-24 1.388516E-24 1.388516E-24 3.333334E-01 3.333334E-01 3.333334E-01
##---
6 0.4 0.42  : i wavelength min & max
# iz ExtRayleigh absg(1) absg(2) absg(3) wkd(1) wkd(2) wkd(3)
1 3.696056E-05 1.113166E-10 1.113166E-10 1.113166E-10 3.333334E-01 3.333334E-01 3.333334E-01
2 3.350806E-05 1.113305E-10 1.113305E-10 1.113305E-10 3.333334E-01 3.333334E-01 3.333334E-01
3 3.030446E-05 1.070014E-10 1.070014E-10 1.070014E-10 3.333334E-01 3.333334E-01 3.333334E-01
4 2.734273E-05 9.875058E-11 9.875058E-11 9.875058E-11 3.333334E-01 3.333334E-01 3.333334E-01
5 2.333411E-05 9.408884E-11 9.408884E-11 9.408884E-11 3.333334E-01 3.333334E-01 3.333334E-01
6 1.869770E-05 1.012973E-10 1.012973E-10 1.012973E-10 3.333334E-01 3.333334E-01 3.333334E-01
7 1.480087E-05 1.518938E-10 1.518938E-10 1.518938E-10 3.333334E-01 3.333334E-01 3.333334E-01
8 1.140932E-05 2.701115E-10 2.701115E-10 2.701115E-10 3.333334E-01 3.333334E-01 3.333334E-01
9 7.333395E-06 4.586140E-10 4.586140E-10 4.586140E-10 3.333334E-01 3.333334E-01 3.333334E-01
10 3.914697E-06 7.158809E-10 7.158809E-10 7.158809E-10 3.333334E-01 3.333334E-01 3.333334E-01
11 1.417567E-06 6.303283E-10 6.303283E-10 6.303283E-10 3.333334E-01 3.333334E-01 3.333334E-01
12 1.907201E-07 7.134367E-11 7.134367E-11 7.134367E-11 3.333334E-01 3.333334E-01 3.333334E-01
##---
7 0.42 0.44  : i wavelength min & max
# iz ExtRayleigh absg(1) absg(2) absg(3) wkd(1) wkd(2) wkd(3)
1 3.034633E-05 2.026408E-09 2.026408E-09 2.026408E-09 3.333334E-01 3.333334E-01 3.333334E-01
2 2.751167E-05 2.026664E-09 2.026664E-09 2.026664E-09 3.333334E-01 3.333334E-01 3.333334E-01
3 2.488137E-05 1.947859E-09 1.947859E-09 1.947859E-09 3.333334E-01 3.333334E-01 3.333334E-01
4 2.244965E-05 1.797662E-09 1.797662E-09 1.797662E-09 3.333334E-01 3.333334E-01 3.333334E-01
5 1.915839E-05 1.712800E-09 1.712800E-09 1.712800E-09 3.333334E-01 3.333334E-01 3.333334E-01
6 1.535168E-05 1.844024E-09 1.844024E-09 1.844024E-09 3.333334E-01 3.333334E-01 3.333334E-01
7 1.215220E-05 2.765087E-09 2.765087E-09 2.765087E-09 3.333334E-01 3.333334E-01 3.333334E-01
8 9.367583E-06 4.917133E-09 4.917133E-09 4.917133E-09 3.333334E-01 3.333334E-01 3.333334E-01
9 6.021057E-06 8.348646E-09 8.348646E-09 8.348646E-09 3.333334E-01 3.333334E-01 3.333334E-01
10 3.214147E-06 1.303196E-08 1.303196E-08 1.303196E-08 3.333334E-01 3.333334E-01 3.333334E-01
11 1.163888E-06 1.147455E-08 1.147455E-08 1.147455E-08 3.333334E-01 3.333334E-01 3.333334E-01
12 1.565900E-07 1.298746E-09 1.298746E-09 1.298746E-09 3.333334E-01 3.333334E-01 3.333334E-01
##---
8 0.44 0.46  : i wavelength min & max
# iz ExtRayleigh absg(1) absg(2) absg(3) wkd(1) wkd(2) wkd(3)
1 2.515539E-05 9.179527E-09 9.179527E-09 9.179527E-09 3.333334E-01 3.333334E-01 3.333334E-01
2 2.280562E-05 9.180691E-09 9.180691E-09 9.180691E-09 3.333334E-01 3.333334E-01 3.333334E-01
3 2.062524E-05 8.823709E-09 8.823709E-09 8.823709E-09 3.333334E-01 3.333334E-01 3.333334E-01
4 1.860949E-05 8.143322E-09 8.143322E-09 8.143322E-09 3.333334E-01 3.333334E-01 3.333334E-01
5 1.588122E-05 7.758901E-09 7.758901E-09 7.758901E-09 3.333334E-01 3.333334E-01 3.333334E-01
6 1.272567E-05 8.353339E-09 8.353339E-09 8.353339E-09 3.333334E-01 3.333334E-01 3.333334E-01
7 1.007349E-05 1.252571E-08 1.252571E-08 1.252571E-08 3.333334E-01 3.333334E-01 3.333334E-01
8 7.765196E-06 2.227437E-08 2.227437E-08 2.227437E-08 3.333334E-01 3.333334E-01 3.333334E-01
9 4.991115E-06 3.781896E-08 3.781896E-08 3.781896E-08 3.333334E-01 3.333334E-01 3.333334E-01
10 2.664346E-06 5.903414E-08 5.903414E-08 5.903414E-08 3.333334E-01 3.333334E-01 3.333334E-01
11 9.647974E-07 5.197915E-08 5.197915E-08 5.197915E-08 3.333334E-01 3.333334E-01 3.333334E-01
12 1.298042E-07 5.883258E-09 5.883258E-09 5.883258E-09 3.333334E-01 3.333334E-01 3.333334E-01
##---
9 0.46 0.48  : i wavelength min & max
# iz ExtRayleigh absg(1) absg(2) absg(3) wkd(1) wkd(2) wkd(3)
1 2.103373E-05 2.283032E-08 2.283032E-08 2.283032E-08 3.333334E-01 3.333334E-01 3.333334E-01
2 1.906897E-05 2.283320E-08 2.283320E-08 2.283320E-08 3.333334E-01 3.333334E-01 3.333334E-01
3 1.724584E-05 2.194536E-08 2.194536E-08 2.194536E-08 3.333334E-01 3.333334E-01 3.333334E-01
4 1.556036E-05 2.025318E-08 2.025318E-08 2.025318E-08 3.333334E-01 3.333334E-01 3.333334E-01
5 1.327911E-05 1.929708E-08 1.929708E-08 1.929708E-08 3.333334E-01 3.333334E-01 3.333334E-01
6 1.064060E-05 2.077550E-08 2.077550E-08 2.077550E-08 3.333334E-01 3.333334E-01 3.333334E-01
7 8.422967E-06 3.115256E-08 3.115256E-08 3.115256E-08 3.333334E-01 3.333334E-01 3.333334E-01
8 6.492885E-06 5.539837E-08 5.539837E-08 5.539837E-08 3.333334E-01 3.333334E-01 3.333334E-01
9 4.173332E-06 9.405915E-08 9.405915E-08 9.405915E-08 3.333334E-01 3.333334E-01 3.333334E-01
10 2.227799E-06 1.468232E-07 1.468232E-07 1.468232E-07 3.333334E-01 3.333334E-01 3.333334E-01
11 8.067175E-07 1.292768E-07 1.292768E-07 1.292768E-07 3.333334E-01 3.333334E-01 3.333334E-01
12 1.085361E-07 1.463219E-08 1.463219E-08 1.463219E-08 3.333334E-01 3.333334E-01 3.333334E-01
##---
10 0.48 0.5  : i wavelength min & max
# iz ExtRayleigh absg(1) absg(2) absg(3) wkd(1) wkd(2) wkd(3)
1 1.772642E-05 5.088762E-08 5.088762E-08 5.088762E-08 3.333334E-01 3.333334E-01 3.333334E-01
2 1.607059E-05 5.089406E-08 5.089406E-08 5.089406E-08 3.333334E-01 3.333334E-01 3.333334E-01
3 1.453413E-05 4.891509E-08 4.891509E-08 4.891509E-08 3.333334E-01 3.333334E-01 3.333334E-01
4 1.311367E-05 4.514329E-08 4.514329E-08 4.514329E-08 3.333334E-01 3.333334E-01 3.333334E-01
5 1.119113E-05 4.301221E-08 4.301221E-08 4.301221E-08 3.333334E-01 3.333334E-01 3.333334E-01
6 8.967485E-06 4.630754E-08 4.630754E-08 4.630754E-08 3.333334E-01 3.333334E-01 3.333334E-01
7 7.098552E-06 6.943748E-08 6.943748E-08 6.943748E-08 3.333334E-01 3.333334E-01 3.333334E-01
8 5.471954E-06 1.234801E-07 1.234801E-07 1.234801E-07 3.333334E-01 3.333334E-01 3.333334E-01
9 3.517124E-06 2.096531E-07 2.096531E-07 2.096531E-07 3.333334E-01 3.333334E-01 3.333334E-01
10 1.877503E-06 3.272613E-07 3.272613E-07 3.272613E-07 3.333334E-01 3.333334E-01 3.333334E-01
11 6.798704E-07 2.881514E-07 2.881514E-07 2.881514E-07 3.333334E-01 3.333334E-01 3.333334E-01
12 9.147006E-08 3.261441E-08 3.261441E-08 3.261441E-08 3.333334E-01 3.333334E-01 3.333334E-01
##---
11 0.5 0.52  : i wavelength min & max
# iz ExtRayleigh absg(1) absg(2) absg(3) wkd(1) wkd(2) wkd(3)
1 1.504699E-05 9.790496E-08 9.790496E-08 9.790496E-08 3.333334E-01 3.333334E-01 3.333334E-01
2 1.364144E-05 9.791727E-08 9.791727E-08 9.791727E-08 3.333334E-01 3.333334E-01 3.333334E-01
3 1.233723E-05 9.410982E-08 9.410982E-08 9.410982E-08 3.333334E-01 3.333334E-01 3.333334E-01
4 1.113148E-05 8.685310E-08 8.685310E-08 8.685310E-08 3.333334E-01 3.333334E-01 3.333334E-01
5 9.499533E-06 8.275300E-08 8.275300E-08 8.275300E-08 3.333334E-01 3.333334E-01 3.333334E-01
6 7.612006E-06 8.909301E-08 8.909301E-08 8.909301E-08 3.333334E-01 3.333334E-01 3.333334E-01
7 6.025571E-06 1.335937E-07 1.335937E-07 1.335937E-07 3.333334E-01 3.333334E-01 3.333334E-01
8 4.644841E-06 2.375686E-07 2.375686E-07 2.375686E-07 3.333334E-01 3.333334E-01 3.333334E-01
9 2.985493E-06 4.033603E-07 4.033603E-07 4.033603E-07 3.333334E-01 3.333334E-01 3.333334E-01
10 1.593709E-06 6.296318E-07 6.296318E-07 6.296318E-07 3.333334E-01 3.333334E-01 3.333334E-01
11 5.771047E-07 5.543865E-07 5.543865E-07 5.543865E-07 3.333334E-01 3.333334E-01 3.333334E-01
12 7.764390E-08 6.274822E-08 6.274822E-08 6.274822E-08 3.333334E-01 3.333334E-01 3.333334E-01
##---
12 0.52 0.54  : i wavelength min & max
# iz ExtRayleigh absg(1) absg(2) absg(3) wkd(1) wkd(2) wkd(3)
1 1.285712E-05 1.544125E-07 1.544125E-07 1.544125E-07 3.333334E-01 3.333334E-01 3.333334E-01
2 1.165613E-05 1.544318E-07 1.544318E-07 1.544318E-07 3.333334E-01 3.333334E-01 3.333334E-01
3 1.054173E-05 1.484268E-07 1.484268E-07 1.484268E-07 3.333334E-01 3.333334E-01 3.333334E-01
4 9.511457E-06 1.369817E-07 1.369817E-07 1.369817E-07 3.333334E-01 3.333334E-01 3.333334E-01
5 8.117016E-06 1.305151E-07 1.305151E-07 1.305151E-07 3.333334E-01 3.333334E-01 3.333334E-01
6 6.504191E-06 1.405143E-07 1.405143E-07 1.405143E-07 3.333334E-01 3.333334E-01 3.333334E-01
7 5.148639E-06 2.106991E-07 2.106991E-07 2.106991E-07 3.333334E-01 3.333334E-01 3.333334E-01
8 3.968853E-06 3.746846E-07 3.746846E-07 3.746846E-07 3.333334E-01 3.333334E-01 3.333334E-01
9 2.550999E-06 6.361653E-07 6.361653E-07 6.361653E-07 3.333334E-01 3.333334E-01 3.333334E-01
10 1.361768E-06 9.930326E-07 9.930326E-07 9.930326E-07 3.333334E-01 3.333334E-01 3.333334E-01
11 4.931156E-07 8.743585E-07 8.743585E-07 8.743585E-07 3.333334E-01 3.333334E-01 3.333334E-01
12 6.634399E-08 9.896424E-08 9.896424E-08 9.896424E-08 3.333334E-01 3.333334E-01 3.333334E-01
##---
13 0.54 0.56  : i wavelength min & max
# iz ExtRayleigh absg(1) absg(2) absg(3) wkd(1) wkd(2) wkd(3)
1 1.105292E-05 2.138580E-07 2.138580E-07 2.138580E-07 3.333334E-01 3.333334E-01 3.333334E-01
2 1.002046E-05 2.138774E-07 2.138774E-07 2.138774E-07 3.333334E-01 3.333334E-01 3.333334E-01
3 9.062435E-06 2.055562E-07 2.055562E-07 2.055562E-07 3.333334E-01 3.333334E-01 3.333334E-01
4 8.176741E-06 1.897033E-07 1.897033E-07 1.897033E-07 3.333334E-01 3.333334E-01 3.333334E-01
5 6.977979E-06 1.807460E-07 1.807460E-07 1.807460E-07 3.333334E-01 3.333334E-01 3.333334E-01
6 5.591477E-06 1.945925E-07 1.945925E-07 1.945925E-07 3.333334E-01 3.333334E-01 3.333334E-01
7 4.426145E-06 2.917882E-07 2.917882E-07 2.917882E-07 3.333334E-01 3.333334E-01 3.333334E-01
8 3.411915E-06 5.188846E-07 5.188846E-07 5.188846E-07 3.333334E-01 3.333334E-01 3.333334E-01
9 2.193024E-06 8.809981E-07 8.809981E-07 8.809981E-07 3.333334E-01 3.333334E-01 3.333334E-01
10 1.170675E-06 1.375208E-06 1.375208E-06 1.375208E-06 3.333334E-01 3.333334E-01 3.333334E-01
11 4.239181E-07 1.210862E-06 1.210862E-06 1.210862E-06 3.333334E-01 3.333334E-01 3.333334E-01
12 5.703412E-08 1.370513E-07 1.370513E-07 1.370513E-07 3.333334E-01 3.333334E-01 3.333334E-01
##---
14 0.56 0.58  : i wavelength min & max
# iz ExtRayleigh absg(1) absg(2) absg(3) wkd(1) wkd(2) wkd(3)
1 9.555407E-06 6.696169E-06 8.782591E-07 3.987608E-07 8.654901E-02 3.228980E-01 5.905531E-01
2 8.662833E-06 4.486419E-06 6.731528E-07 3.588724E-07 8.654901E-02 3.228980E-01 5.905532E-01
3 7.834607E-06 2.858045E-06 5.121627E-07 3.188205E-07 8.654901E-02 3.228980E-01 5.905532E-01
4 7.068911E-06 1.734734E-06 3.890519E-07 2.781439E-07 8.654901E-02 3.228979E-01 5.905532E-01
5 6.032563E-06 8.917416E-07 3.003119E-07 2.515676E-07 8.654901E-02 3.228979E-01 5.905531E-01
6 4.833912E-06 4.457409E-07 2.758621E-07 2.618610E-07 8.654901E-02 3.228980E-01 5.905531E-01
7 3.826466E-06 4.302669E-07 3.917262E-07 3.885497E-07 8.654901E-02 3.228980E-01 5.905532E-01
8 2.949650E-06 6.952309E-07 6.901780E-07 6.897614E-07 8.654901E-02 3.228979E-01 5.905530E-01
9 1.895901E-06 1.171637E-06 1.171026E-06 1.170976E-06 8.654901E-02 3.228980E-01 5.905531E-01
10 1.012066E-06 1.827917E-06 1.827844E-06 1.827838E-06 8.654901E-02 3.228980E-01 5.905531E-01
11 3.664834E-07 1.609412E-06 1.609399E-06 1.609398E-06 8.654901E-02 3.228980E-01 5.905532E-01
12 4.930683E-08 1.821600E-07 1.821597E-07 1.821596E-07 8.654901E-02 3.228980E-01 5.905531E-01
##---
15 0.58 0.6  : i wavelength min & max
# iz ExtRayleigh absg(1) absg(2) absg(3) wkd(1) wkd(2) wkd(3)
1 8.303903E-06 4.802233E-05 4.698177E-06 1.127504E-06 8.654901E-02 3.228979E-01 5.905530E-01
2 7.528233E-06 3.157153E-05 3.175341E-06 8.349948E-07 8.654901E-02 3.228980E-01 5.905530E-01
3 6.808482E-06 1.952001E-05 2.050950E-06 6.111923E-07 8.654901E-02 3.228979E-01 5.905530E-01
4 6.143072E-06 1.129278E-05 1.271903E-06 4.460066E-07 8.654901E-02 3.228980E-01 5.905530E-01
5 5.242458E-06 5.093408E-06 6.892157E-07 3.262325E-07 8.654901E-02 3.228980E-01 5.905532E-01
6 4.200799E-06 1.654523E-06 3.894882E-07 2.852270E-07 8.654901E-02 3.228980E-01 5.905531E-01
7 3.325301E-06 7.081319E-07 4.211309E-07 3.974769E-07 8.654901E-02 3.228980E-01 5.905531E-01
8 2.563325E-06 7.387708E-07 7.011423E-07 6.980409E-07 8.654901E-02 3.228980E-01 5.905532E-01
9 1.647589E-06 1.189011E-06 1.184463E-06 1.184088E-06 8.654901E-02 3.228980E-01 5.905530E-01
10 8.795122E-07 1.848793E-06 1.848248E-06 1.848203E-06 8.654901E-02 3.228980E-01 5.905532E-01
11 3.184838E-07 1.627427E-06 1.627332E-06 1.627323E-06 8.654901E-02 3.228980E-01 5.905530E-01
12 4.284894E-08 1.841913E-07 1.841886E-07 1.841883E-07 8.654901E-02 3.228980E-01 5.905530E-01
##---
16 0.6 0.62  : i wavelength min & max
# iz ExtRayleigh absg(1) absg(2) absg(3) wkd(1) wkd(2) wkd(3)
1 7.251327E-06 6.296484E-07 3.644821E-07 3.194832E-07 1.790931E-01 3.268113E-01 4.940957E-01
2 6.573978E-06 5.119581E-07 3.415084E-07 3.133895E-07 1.790931E-01 3.268113E-01 4.940957E-01
3 5.945461E-06 4.146070E-07 3.131331E-07 2.972242E-07 1.790931E-01 3.268113E-01 4.940957E-01
4 5.364396E-06 3.345507E-07 2.796413E-07 2.718697E-07 1.790931E-01 3.268113E-01 4.940957E-01
5 4.577941E-06 2.782335E-07 2.585908E-07 2.570183E-07 1.790931E-01 3.268113E-01 4.940957E-01
6 3.668319E-06 2.721723E-07 2.731216E-07 2.753755E-07 1.790931E-01 3.268113E-01 4.940957E-01
7 2.903796E-06 3.954461E-07 4.071078E-07 4.123175E-07 1.790931E-01 3.268113E-01 4.940957E-01
8 2.238406E-06 6.994991E-07 7.232446E-07 7.330469E-07 1.790931E-01 3.268113E-01 4.940957E-01
9 1.438746E-06 1.187191E-06 1.227885E-06 1.244596E-06 1.790931E-01 3.268113E-01 4.940957E-01
10 7.680280E-07 1.853113E-06 1.916678E-06 1.942770E-06 1.790931E-01 3.268113E-01 4.940957E-01
11 2.781138E-07 1.631651E-06 1.687621E-06 1.710595E-06 1.790931E-01 3.268113E-01 4.940957E-01
12 3.741755E-08 1.846782E-07 1.910133E-07 1.936137E-07 1.790931E-01 3.268113E-01 4.940957E-01
##---
17 0.62 0.64  : i wavelength min & max
# iz ExtRayleigh absg(1) absg(2) absg(3) wkd(1) wkd(2) wkd(3)
1 6.360813E-06 2.934811E-06 5.490718E-07 2.988614E-07 1.295287E-01 3.302287E-01 5.402426E-01
2 5.766647E-06 2.097012E-06 4.475815E-07 2.771883E-07 1.303741E-01 3.305040E-01 5.391219E-01
3 5.215316E-06 1.466756E-06 3.637861E-07 2.522886E-07 1.315318E-01 3.308809E-01 5.375873E-01
4 4.705611E-06 1.014271E-06 2.947560E-07 2.241627E-07 1.330836E-01 3.313863E-01 5.355301E-01
5 4.015738E-06 6.438839E-07 2.436481E-07 2.059537E-07 1.355022E-01 3.321738E-01 5.323240E-01
6 3.217824E-06 4.242162E-07 2.334278E-07 2.160832E-07 1.396609E-01 3.335280E-01 5.268111E-01
7 2.547190E-06 4.309775E-07 3.304870E-07 3.205093E-07 1.447582E-01 3.351878E-01 5.200540E-01
8 1.963514E-06 6.383906E-07 5.766713E-07 5.681885E-07 1.509320E-01 3.371981E-01 5.118698E-01
9 1.262058E-06 1.015633E-06 9.734814E-07 9.640543E-07 1.546496E-01 3.384087E-01 5.069416E-01
10 6.737088E-07 1.558487E-06 1.517328E-06 1.504807E-06 1.567270E-01 3.390851E-01 5.041878E-01
11 2.439595E-07 1.368251E-06 1.335669E-06 1.324815E-06 1.559077E-01 3.388184E-01 5.052739E-01
12 3.282241E-08 1.548990E-07 1.511810E-07 1.499286E-07 1.541503E-01 3.382461E-01 5.076036E-01
##---
18 0.64 0.66  : i wavelength min & max
# iz ExtRayleigh absg(1) absg(2) absg(3) wkd(1) wkd(2) wkd(3)
1 5.603241E-06 2.897699E-05 2.844373E-06 6.905861E-07 9.134101E-02 3.275260E-01 5.811329E-01
2 5.079841E-06 1.895059E-05 1.909988E-06 5.055433E-07 9.134100E-02 3.275260E-01 5.811329E-01
3 4.594173E-06 1.165331E-05 1.225014E-06 3.655393E-07 9.134101E-02 3.275260E-01 5.811329E-01
4 4.145173E-06 6.703875E-06 7.539260E-07 2.635456E-07 9.134101E-02 3.275260E-01 5.811329E-01
5 3.537464E-06 2.996941E-06 4.035906E-07 1.898529E-07 9.134100E-02 3.275260E-01 5.811329E-01
6 2.834581E-06 9.609190E-07 2.246126E-07 1.639280E-07 9.134101E-02 3.275260E-01 5.811329E-01
7 2.243820E-06 4.061650E-07 2.411417E-07 2.275410E-07 9.134100E-02 3.275261E-01 5.811329E-01
8 1.729660E-06 4.225922E-07 4.011614E-07 3.993952E-07 9.134101E-02 3.275260E-01 5.811329E-01
9 1.111747E-06 6.802714E-07 6.776887E-07 6.774758E-07 9.134101E-02 3.275260E-01 5.811329E-01
10 5.934701E-07 1.057783E-06 1.057473E-06 1.057447E-06 9.134100E-02 3.275260E-01 5.811329E-01
11 2.149039E-07 9.311304E-07 9.310755E-07 9.310712E-07 9.134101E-02 3.275260E-01 5.811329E-01
12 2.891327E-08 1.053849E-07 1.053833E-07 1.053832E-07 9.134101E-02 3.275260E-01 5.811329E-01
##---
19 0.66 0.68  : i wavelength min & max
# iz ExtRayleigh absg(1) absg(2) absg(3) wkd(1) wkd(2) wkd(3)
1 4.955436E-06 6.430253E-07 1.680861E-07 1.254336E-07 1.051817E-01 3.364442E-01 5.583740E-01
2 4.492547E-06 4.572986E-07 1.482071E-07 1.207740E-07 1.051817E-01 3.364442E-01 5.583740E-01
3 4.063029E-06 3.180088E-07 1.294610E-07 1.130554E-07 1.051817E-01 3.364442E-01 5.583740E-01
4 3.665938E-06 2.184760E-07 1.114845E-07 1.024960E-07 1.051817E-01 3.364442E-01 5.583740E-01
5 3.128489E-06 1.453968E-07 9.955470E-08 9.614148E-08 1.051817E-01 3.364442E-01 5.583740E-01
6 2.506868E-06 1.146077E-07 1.027460E-07 1.025147E-07 1.051817E-01 3.364442E-01 5.583740E-01
7 1.984406E-06 1.527100E-07 1.520487E-07 1.532751E-07 1.051817E-01 3.364442E-01 5.583740E-01
8 1.529689E-06 2.660201E-07 2.698045E-07 2.724414E-07 1.051817E-01 3.364442E-01 5.583740E-01
9 9.832148E-07 4.509787E-07 4.580205E-07 4.625542E-07 1.051817E-01 3.364442E-01 5.583740E-01
10 5.248575E-07 7.038868E-07 7.149467E-07 7.220298E-07 1.051817E-01 3.364442E-01 5.583740E-01
11 1.900583E-07 6.197631E-07 6.295052E-07 6.357423E-07 1.051817E-01 3.364442E-01 5.583740E-01
12 2.557053E-08 7.014775E-08 7.125051E-08 7.195644E-08 1.051817E-01 3.364442E-01 5.583740E-01
##---
20 0.68 0.7  : i wavelength min & max
# iz ExtRayleigh absg(1) absg(2) absg(3) wkd(1) wkd(2) wkd(3)
1 4.398809E-06 6.701492E-05 5.978239E-06 1.175650E-06 1.442925E-01 3.533883E-01 5.023192E-01
2 3.987915E-06 4.888713E-05 4.297789E-06 8.455451E-07 1.445742E-01 3.534060E-01 5.020198E-01
3 3.606643E-06 3.521521E-05 3.042481E-06 5.997292E-07 1.449220E-01 3.534278E-01 5.016502E-01
4 3.254157E-06 2.527462E-05 2.142392E-06 4.238892E-07 1.453376E-01 3.534539E-01 5.012085E-01
5 2.777077E-06 1.599217E-05 1.334554E-06 2.731205E-07 1.459048E-01 3.534895E-01 5.006058E-01
6 2.225281E-06 8.969455E-06 7.547970E-07 1.749869E-07 1.467249E-01 3.535410E-01 4.997342E-01
7 1.761505E-06 5.185030E-06 4.841465E-07 1.562666E-07 1.477593E-01 3.536060E-01 4.986348E-01
8 1.357865E-06 3.027866E-06 3.878658E-07 2.029860E-07 1.497447E-01 3.537306E-01 4.965248E-01
9 8.727739E-07 1.436341E-06 3.753962E-07 3.004468E-07 1.517311E-01 3.538552E-01 4.944137E-01
10 4.659022E-07 7.825381E-07 4.731255E-07 4.514765E-07 1.533746E-01 3.539584E-01 4.926670E-01
11 1.687098E-07 4.328221E-07 3.965103E-07 3.943189E-07 1.529943E-01 3.539346E-01 4.930712E-01
12 2.269828E-08 4.497934E-08 4.456444E-08 4.457353E-08 1.523301E-01 3.538929E-01 4.937771E-01
##---
21 0.7 0.8  : i wavelength min & max
# iz ExtRayleigh absg(1) absg(2) absg(3) wkd(1) wkd(2) wkd(3)
1 3.167199E-06 2.487337E-04 2.086176E-05 3.711653E-06 1.450925E-01 3.543320E-01 5.005754E-01
2 2.871350E-06 1.877253E-04 1.547129E-05 2.708503E-06 1.451235E-01 3.543292E-01 5.005473E-01
3 2.596829E-06 1.406396E-04 1.136443E-05 1.953299E-06 1.451614E-01 3.543257E-01 5.005128E-01
4 2.343034E-06 1.052600E-04 8.333921E-06 1.405059E-06 1.452067E-01 3.543214E-01 5.004718E-01
5 1.999530E-06 6.980643E-05 5.408311E-06 8.949004E-07 1.452705E-01 3.543155E-01 5.004140E-01
6 1.602230E-06 4.099468E-05 3.116673E-06 5.114525E-07 1.453649E-01 3.543066E-01 5.003285E-01
7 1.268306E-06 2.420086E-05 1.834913E-06 3.126303E-07 1.454542E-01 3.542981E-01 5.002477E-01
8 9.776799E-07 1.396394E-05 1.086110E-06 2.142782E-07 1.455268E-01 3.542912E-01 5.001820E-01
9 6.284083E-07 5.767965E-06 5.104696E-07 1.563390E-07 1.455859E-01 3.542855E-01 5.001285E-01
10 3.354555E-07 1.813659E-06 2.629087E-07 1.611143E-07 1.456585E-01 3.542786E-01 5.000628E-01
11 1.214732E-07 3.163279E-07 1.363602E-07 1.270806E-07 1.456382E-01 3.542805E-01 5.000812E-01
12 1.634305E-08 1.570281E-08 1.394057E-08 1.415085E-08 1.456048E-01 3.542837E-01 5.001115E-01
##---
22 0.8 0.9  : i wavelength min & max
# iz ExtRayleigh absg(1) absg(2) absg(3) wkd(1) wkd(2) wkd(3)
1 1.907129E-06 7.387895E-05 6.994924E-06 1.524230E-06 1.628235E-01 3.566828E-01 4.804940E-01
2 1.728983E-06 4.679914E-05 4.432778E-06 9.649508E-07 1.628235E-01 3.566828E-01 4.804940E-01
3 1.563680E-06 2.780413E-05 2.634508E-06 5.727573E-07 1.628235E-01 3.566828E-01 4.804940E-01
4 1.410858E-06 1.539165E-05 1.458932E-06 3.167774E-07 1.628235E-01 3.566828E-01 4.804940E-01
5 1.204017E-06 6.402261E-06 6.073512E-07 1.317472E-07 1.628235E-01 3.566828E-01 4.804940E-01
6 9.647830E-07 1.704187E-06 1.618986E-07 3.511373E-08 1.628235E-01 3.566828E-01 4.804940E-01
7 7.637104E-07 3.570237E-07 3.397807E-08 7.377023E-09 1.628235E-01 3.566828E-01 4.804940E-01
8 5.887099E-07 4.341104E-08 4.135686E-09 8.964589E-10 1.628235E-01 3.566828E-01 4.804940E-01
9 3.783960E-07 4.810442E-09 4.574723E-10 9.782389E-11 1.628235E-01 3.566828E-01 4.804940E-01
10 2.019945E-07 5.200120E-10 4.929023E-11 1.031707E-11 1.628235E-01 3.566828E-01 4.804940E-01
11 7.314507E-08 7.773773E-11 7.326222E-12 1.477553E-12 1.628235E-01 3.566828E-01 4.804940E-01
12 9.840970E-09 1.671775E-12 1.560210E-13 2.944418E-14 1.628235E-01 3.566828E-01 4.804940E-01
##---
23 0.9 1  : i wavelength min & max
# iz ExtRayleigh absg(1) absg(2) absg(3) wkd(1) wkd(2) wkd(3)
1 1.216652E-06 1.448055E-03 1.375986E-04 2.959394E-05 1.793600E-01 3.548641E-01 4.657762E-01
2 1.103004E-06 9.078329E-04 8.629400E-05 1.858480E-05 1.793600E-01 3.548641E-01 4.657762E-01
3 9.975495E-07 5.336258E-04 5.073845E-05 1.094004E-05 1.793600E-01 3.548641E-01 4.657762E-01
4 9.000565E-07 2.921622E-04 2.778809E-05 5.999022E-06 1.793600E-01 3.548641E-01 4.657762E-01
5 7.681024E-07 1.194437E-04 1.136881E-05 2.461543E-06 1.793600E-01 3.548641E-01 4.657762E-01
6 6.154829E-07 3.102889E-05 2.957322E-06 6.437317E-07 1.793600E-01 3.548641E-01 4.657761E-01
7 4.872088E-07 6.333135E-06 6.046705E-07 1.325442E-07 1.793600E-01 3.548641E-01 4.657762E-01
8 3.755673E-07 7.509523E-07 7.177413E-08 1.579792E-08 1.793600E-01 3.548641E-01 4.657761E-01
9 2.413976E-07 8.081768E-08 7.709239E-09 1.683817E-09 1.793600E-01 3.548641E-01 4.657761E-01
10 1.288623E-07 8.429873E-09 8.010425E-10 1.722928E-10 1.793600E-01 3.548641E-01 4.657761E-01
11 4.666288E-08 1.188683E-09 1.121280E-10 2.340098E-11 1.793600E-01 3.548641E-01 4.657761E-01
12 6.278043E-09 2.302950E-11 2.140726E-12 4.191247E-13 1.793600E-01 3.548641E-01 4.657761E-01
##---
24 1 1.1  : i wavelength min & max
# iz ExtRayleigh absg(1) absg(2) absg(3) wkd(1) wkd(2) wkd(3)
1 8.125648E-07 5.160785E-05 4.582426E-06 9.642495E-07 1.646741E-01 3.440128E-01 4.913131E-01
2 7.366629E-07 3.276647E-05 2.894561E-06 6.053765E-07 1.635793E-01 3.433970E-01 4.930237E-01
3 6.662329E-07 1.953274E-05 1.715001E-06 3.560256E-07 1.622957E-01 3.426769E-01 4.950274E-01
4 6.011203E-07 1.086231E-05 9.471094E-07 1.950017E-07 1.608161E-01 3.418499E-01 4.973340E-01
5 5.129922E-07 4.544959E-06 3.926564E-07 8.005905E-08 1.587489E-01 3.407019E-01 5.005492E-01
6 4.110623E-07 1.222192E-06 1.043621E-07 2.104396E-08 1.557749E-01 3.390742E-01 5.051509E-01
7 3.253919E-07 2.602531E-07 2.208375E-08 4.424518E-09 1.526722E-01 3.374119E-01 5.099159E-01
8 2.508299E-07 3.354203E-08 2.937137E-09 5.927298E-10 1.494685E-01 3.357554E-01 5.147761E-01
9 1.612221E-07 4.408713E-09 4.410367E-10 9.260897E-11 1.475770E-01 3.348168E-01 5.176063E-01
10 8.606322E-08 6.949596E-10 8.610544E-11 1.921329E-11 1.463716E-01 3.342333E-01 5.193951E-01
11 3.116471E-08 1.054439E-10 1.358711E-11 3.044478E-12 1.455065E-01 3.336890E-01 5.208045E-01
12 4.192913E-09 2.409118E-12 3.337463E-13 7.542408E-14 1.438218E-01 3.326353E-01 5.235428E-01
##---
25 1.1 1.2  : i wavelength min & max
# iz ExtRayleigh absg(1) absg(2) absg(3) wkd(1) wkd(2) wkd(3)
1 5.633037E-07 3.749098E-03 3.586879E-04 7.925845E-05 1.841479E-01 3.534289E-01 4.624231E-01
2 5.106853E-07 2.364912E-03 2.262629E-04 5.000057E-05 1.841479E-01 3.534289E-01 4.624231E-01
3 4.618603E-07 1.398869E-03 1.338310E-04 2.956963E-05 1.841479E-01 3.534289E-01 4.624231E-01
4 4.167215E-07 7.708336E-04 7.374407E-05 1.629161E-05 1.841479E-01 3.534289E-01 4.624231E-01
5 3.556275E-07 3.183004E-04 3.045778E-05 6.734481E-06 1.841479E-01 3.534289E-01 4.624231E-01
6 2.849655E-07 8.384405E-05 8.027985E-06 1.779408E-06 1.841479E-01 3.534289E-01 4.624231E-01
7 2.255752E-07 1.736488E-05 1.664354E-06 3.703541E-07 1.841479E-01 3.534289E-01 4.624231E-01
8 1.738857E-07 2.086361E-06 2.000302E-07 4.456335E-08 1.841479E-01 3.534289E-01 4.624231E-01
9 1.117659E-07 2.273353E-07 2.173514E-08 4.790063E-09 1.841479E-01 3.534289E-01 4.624231E-01
10 5.966260E-08 2.403414E-08 2.287025E-09 4.946801E-10 1.841479E-01 3.534289E-01 4.624231E-01
11 2.160467E-08 3.456555E-09 3.261518E-10 6.815150E-11 1.841479E-01 3.534289E-01 4.624231E-01
12 2.906702E-09 6.886505E-11 6.397075E-12 1.248613E-12 1.841479E-01 3.534289E-01 4.624231E-01
##---
26 1.2 1.3  : i wavelength min & max
# iz ExtRayleigh absg(1) absg(2) absg(3) wkd(1) wkd(2) wkd(3)
1 4.027764E-07 5.251212E-05 5.332515E-06 1.456199E-06 1.822276E-01 3.505340E-01 4.672384E-01
2 3.651529E-07 3.425093E-05 3.465919E-06 9.334736E-07 1.808398E-01 3.499937E-01 4.691665E-01
3 3.302418E-07 2.144293E-05 2.157778E-06 5.680211E-07 1.787963E-01 3.491207E-01 4.720831E-01
4 2.979664E-07 1.299778E-05 1.297451E-06 3.298066E-07 1.757484E-01 3.477153E-01 4.765362E-01
5 2.542826E-07 6.549490E-06 6.448836E-07 1.539001E-07 1.699652E-01 3.448759E-01 4.851589E-01
6 2.037575E-07 2.818374E-06 2.695314E-07 5.685595E-08 1.581930E-01 3.388551E-01 5.029520E-01
7 1.612920E-07 1.414927E-06 1.289168E-07 2.347150E-08 1.424098E-01 3.307041E-01 5.268862E-01
8 1.243327E-07 8.219078E-07 6.934340E-08 1.109912E-08 1.244368E-01 3.215768E-01 5.539864E-01
9 7.991542E-08 3.606139E-07 2.943897E-08 4.555832E-09 1.153113E-01 3.169929E-01 5.676959E-01
10 4.266027E-08 1.141669E-07 9.388187E-09 1.464513E-09 1.111695E-01 3.149071E-01 5.739234E-01
11 1.544789E-08 1.498303E-08 1.309971E-09 2.139387E-10 1.101985E-01 3.143584E-01 5.754430E-01
12 2.078365E-09 2.690977E-10 2.690192E-11 4.770804E-12 1.085183E-01 3.133973E-01 5.780845E-01
##---
27 1.3 1.4  : i wavelength min & max
# iz ExtRayleigh absg(1) absg(2) absg(3) wkd(1) wkd(2) wkd(3)
1 2.956091E-07 9.377474E-02 8.794211E-03 1.790791E-03 1.961727E-01 3.485988E-01 4.552283E-01
2 2.679961E-07 5.762820E-02 5.410106E-03 1.106820E-03 1.961636E-01 3.485944E-01 4.552419E-01
3 2.423739E-07 3.318969E-02 3.119078E-03 6.410722E-04 1.961481E-01 3.485870E-01 4.552648E-01
4 2.186861E-07 1.779680E-02 1.674264E-03 3.457724E-04 1.961203E-01 3.485737E-01 4.553058E-01
5 1.866253E-07 7.045804E-03 6.640346E-04 1.382860E-04 1.960487E-01 3.485394E-01 4.554118E-01
6 1.495434E-07 1.751762E-03 1.654775E-04 3.489185E-05 1.957864E-01 3.484138E-01 4.557996E-01
7 1.183768E-07 3.426213E-04 3.238010E-05 6.909386E-06 1.948315E-01 3.479565E-01 4.572119E-01
8 9.125130E-08 3.995126E-05 3.724513E-06 7.886910E-07 1.903378E-01 3.458044E-01 4.638577E-01
9 5.865220E-08 4.380468E-06 3.954717E-07 8.060930E-08 1.819964E-01 3.418096E-01 4.761939E-01
10 3.130959E-08 4.709131E-07 4.105286E-08 7.990148E-09 1.731617E-01 3.375791E-01 4.892592E-01
11 1.133764E-08 6.550534E-08 5.647318E-09 1.065904E-09 1.716453E-01 3.368527E-01 4.915019E-01
12 1.525371E-09 1.293234E-09 1.090686E-10 1.916263E-11 1.691883E-01 3.356757E-01 4.951361E-01
##---
28 1.4 1.5  : i wavelength min & max
# iz ExtRayleigh absg(1) absg(2) absg(3) wkd(1) wkd(2) wkd(3)
1 2.218505E-07 2.206634E-02 2.090388E-03 4.440738E-04 1.961332E-01 3.486102E-01 4.552564E-01
2 2.011273E-07 1.356377E-02 1.286538E-03 2.747232E-04 1.961125E-01 3.486103E-01 4.552771E-01
3 1.818982E-07 7.814672E-03 7.421669E-04 1.593047E-04 1.960782E-01 3.486105E-01 4.553112E-01
4 1.641208E-07 4.192989E-03 3.987413E-04 8.605663E-05 1.960188E-01 3.486107E-01 4.553704E-01
5 1.400597E-07 1.662489E-03 1.584700E-04 3.453079E-05 1.958767E-01 3.486114E-01 4.555119E-01
6 1.122303E-07 4.153471E-04 3.973165E-05 8.782050E-06 1.954080E-01 3.486134E-01 4.559786E-01
7 8.884010E-08 8.253140E-05 7.927188E-06 1.775919E-06 1.939676E-01 3.486197E-01 4.574127E-01
8 6.848283E-08 1.044232E-05 1.017454E-06 2.254269E-07 1.889952E-01 3.486416E-01 4.623632E-01
9 4.401765E-08 1.487688E-06 1.542759E-07 3.226489E-08 1.823596E-01 3.486707E-01 4.689697E-01
10 2.349741E-08 2.747665E-07 3.087173E-08 6.025069E-09 1.753752E-01 3.487012E-01 4.759235E-01
11 8.508744E-09 4.192999E-08 4.740766E-09 9.099004E-10 1.743761E-01 3.487056E-01 4.769182E-01
12 1.144770E-09 1.037833E-09 1.187014E-10 2.209193E-11 1.721317E-01 3.487155E-01 4.791529E-01
##---
29 1.5 1.6  : i wavelength min & max
# iz ExtRayleigh absg(1) absg(2) absg(3) wkd(1) wkd(2) wkd(3)
1 1.697396E-07 9.497794E-05 9.752930E-06 3.327124E-06 1.720058E-01 3.487161E-01 4.792781E-01
2 1.538842E-07 6.031436E-05 6.202134E-06 2.111234E-06 1.703331E-01 3.487234E-01 4.809435E-01
3 1.391718E-07 3.648051E-05 3.757316E-06 1.265868E-06 1.682822E-01 3.487324E-01 4.829855E-01
4 1.255702E-07 2.109650E-05 2.179891E-06 7.176029E-07 1.658589E-01 3.487430E-01 4.853981E-01
5 1.071608E-07 9.747410E-06 1.018106E-06 3.181732E-07 1.625192E-01 3.487576E-01 4.887232E-01
6 8.586829E-08 3.572091E-06 3.821455E-07 1.044885E-07 1.579305E-01 3.487778E-01 4.932918E-01
7 6.797229E-08 1.493562E-06 1.631367E-07 3.657874E-08 1.532745E-01 3.487982E-01 4.979274E-01
8 5.239678E-08 7.522925E-07 8.134525E-08 1.517397E-08 1.474458E-01 3.488237E-01 5.037305E-01
9 3.367827E-08 3.365510E-07 3.544743E-08 6.246256E-09 1.428068E-01 3.488441E-01 5.083492E-01
10 1.797806E-08 1.178522E-07 1.216884E-08 2.108172E-09 1.398297E-01 3.488571E-01 5.113132E-01
11 6.510109E-09 1.900056E-08 1.957048E-09 3.384382E-10 1.394853E-01 3.488586E-01 5.116562E-01
12 8.758729E-10 5.200947E-10 5.328306E-11 9.184665E-12 1.387390E-01 3.488619E-01 5.123992E-01
##---
30 1.6 1.7  : i wavelength min & max
# iz ExtRayleigh absg(1) absg(2) absg(3) wkd(1) wkd(2) wkd(3)
1 1.320768E-07 1.218442E-05 3.270366E-06 2.423193E-06 1.661385E-01 3.485011E-01 4.853604E-01
2 1.197395E-07 8.746904E-06 2.194510E-06 1.560307E-06 1.639584E-01 3.486343E-01 4.874072E-01
3 1.082916E-07 6.250009E-06 1.424388E-06 9.495150E-07 1.613465E-01 3.488184E-01 4.898351E-01
4 9.770798E-08 4.499401E-06 9.043370E-07 5.464843E-07 1.582764E-01 3.490721E-01 4.926514E-01
5 8.338337E-08 2.905894E-06 4.886124E-07 2.474834E-07 1.539126E-01 3.495096E-01 4.965778E-01
6 6.681536E-08 1.716188E-06 2.288879E-07 8.338700E-08 1.476824E-01 3.502958E-01 5.020217E-01
7 5.289022E-08 1.049888E-06 1.178226E-07 2.969776E-08 1.418162E-01 3.512114E-01 5.069724E-01
8 4.077069E-08 6.402445E-07 6.502319E-08 1.240022E-08 1.373078E-01 3.520363E-01 5.106559E-01
9 2.620555E-08 2.919710E-07 2.889800E-08 5.126652E-09 1.357279E-01 3.523280E-01 5.119442E-01
10 1.398899E-08 1.011150E-07 9.939224E-09 1.733750E-09 1.351336E-01 3.523796E-01 5.124868E-01
11 5.065611E-09 1.618237E-08 1.588088E-09 2.763630E-10 1.346802E-01 3.522450E-01 5.130748E-01
12 6.815293E-10 4.386338E-10 4.278041E-11 7.401149E-12 1.333676E-01 3.518192E-01 5.148131E-01
##---
31 1.7 1.8  : i wavelength min & max
# iz ExtRayleigh absg(1) absg(2) absg(3) wkd(1) wkd(2) wkd(3)
1 1.043088E-07 9.624756E-04 9.953228E-05 2.841073E-05 1.984996E-01 3.474981E-01 4.540024E-01
2 9.456527E-08 5.813665E-04 6.037735E-05 1.743882E-05 1.984994E-01 3.474981E-01 4.540026E-01
3 8.552419E-08 3.289546E-04 3.430971E-05 1.002591E-05 1.984992E-01 3.474982E-01 4.540028E-01
4 7.716569E-08 1.732181E-04 1.815030E-05 5.370090E-06 1.984987E-01 3.474982E-01 4.540031E-01
5 6.585270E-08 6.668101E-05 7.049693E-06 2.135093E-06 1.984975E-01 3.474985E-01 4.540040E-01
6 5.276798E-08 1.593457E-05 1.710121E-06 5.378222E-07 1.984933E-01 3.474995E-01 4.540072E-01
7 4.177049E-08 2.980341E-06 3.260255E-07 1.072917E-07 1.984777E-01 3.475031E-01 4.540192E-01
8 3.219899E-08 3.288015E-07 3.654010E-08 1.246876E-08 1.983853E-01 3.475244E-01 4.540904E-01
9 2.069605E-08 3.393584E-08 3.771763E-09 1.291402E-09 1.981064E-01 3.475887E-01 4.543049E-01
10 1.104792E-08 3.439076E-09 3.785326E-10 1.274576E-10 1.976972E-01 3.476831E-01 4.546197E-01
11 4.000608E-09 4.733853E-10 5.098104E-11 1.631884E-11 1.977495E-01 3.476710E-01 4.545795E-01
12 5.382435E-10 9.622889E-12 9.765785E-13 2.662461E-13 1.979555E-01 3.476236E-01 4.544211E-01
##---
32 1.8 1.9  : i wavelength min & max
# iz ExtRayleigh absg(1) absg(2) absg(3) wkd(1) wkd(2) wkd(3)
1 8.347235E-08 1.931660E-01 1.810696E-02 3.679023E-03 1.984996E-01 3.474980E-01 4.540024E-01
2 7.567517E-08 1.166430E-01 1.095366E-02 2.243004E-03 1.984994E-01 3.474980E-01 4.540025E-01
3 6.844011E-08 6.598029E-02 6.207728E-03 1.281421E-03 1.984992E-01 3.474980E-01 4.540026E-01
4 6.175128E-08 3.473192E-02 3.274339E-03 6.816842E-04 1.984989E-01 3.474981E-01 4.540030E-01
5 5.269815E-08 1.336112E-02 1.264042E-03 2.670335E-04 1.984979E-01 3.474981E-01 4.540039E-01
6 4.222720E-08 3.189078E-03 3.034002E-04 6.557139E-05 1.984948E-01 3.474984E-01 4.540067E-01
7 3.342653E-08 5.955493E-04 5.704918E-05 1.266835E-05 1.984837E-01 3.474995E-01 4.540168E-01
8 2.576701E-08 6.563483E-05 6.323164E-06 1.435426E-06 1.984159E-01 3.475056E-01 4.540784E-01
9 1.656186E-08 6.785334E-06 6.537637E-07 1.486385E-07 1.981604E-01 3.475286E-01 4.543110E-01
10 8.841017E-09 6.927882E-07 6.650594E-08 1.494017E-08 1.974957E-01 3.475886E-01 4.549157E-01
11 3.201458E-09 9.564683E-08 9.111931E-09 1.987129E-09 1.974425E-01 3.475934E-01 4.549640E-01
12 4.307255E-10 1.960146E-09 1.830075E-10 3.669396E-11 1.973104E-01 3.476053E-01 4.550841E-01
##---
33 1.9 2  : i wavelength min & max
# iz ExtRayleigh absg(1) absg(2) absg(3) wkd(1) wkd(2) wkd(3)
1 6.759026E-08 5.265732E-02 4.805852E-03 9.853231E-04 1.922382E-01 3.480558E-01 4.597060E-01
2 6.127663E-08 3.205351E-02 2.913264E-03 6.008001E-04 1.909955E-01 3.481654E-01 4.608390E-01
3 5.541816E-08 1.834288E-02 1.656658E-03 3.434236E-04 1.892760E-01 3.483165E-01 4.624075E-01
4 5.000201E-08 9.819968E-03 8.790346E-04 1.830160E-04 1.869333E-01 3.485211E-01 4.645457E-01
5 4.267139E-08 3.897706E-03 3.442755E-04 7.219002E-05 1.830956E-01 3.488518E-01 4.680526E-01
6 3.419272E-08 9.988701E-04 8.673058E-05 1.829052E-05 1.766366E-01 3.493907E-01 4.739725E-01
7 2.706654E-08 2.184672E-04 1.904782E-05 3.975357E-06 1.692730E-01 3.499620E-01 4.807650E-01
8 2.086438E-08 4.203508E-05 3.977206E-06 7.692545E-07 1.619828E-01 3.504878E-01 4.875293E-01
9 1.341068E-08 1.139119E-05 1.165409E-06 2.099026E-07 1.586601E-01 3.507492E-01 4.905907E-01
10 7.158857E-09 3.242021E-06 3.407525E-07 5.967060E-08 1.570678E-01 3.509224E-01 4.920098E-01
11 2.592324E-09 4.725387E-07 4.969277E-08 8.682348E-09 1.570920E-01 3.510157E-01 4.918922E-01
12 3.487723E-10 1.098973E-08 1.156778E-09 2.010692E-10 1.570896E-01 3.511692E-01 4.917412E-01
##---
34 2 2.1  : i wavelength min & max
# iz ExtRayleigh absg(1) absg(2) absg(3) wkd(1) wkd(2) wkd(3)
1 5.531334E-08 1.287179E-03 1.255696E-04 2.556161E-05 1.433756E-01 3.524477E-01 5.041767E-01
2 5.014650E-08 1.014253E-03 9.761773E-05 1.919557E-05 1.413435E-01 3.526248E-01 5.060317E-01
3 4.535215E-08 7.969224E-04 7.559604E-05 1.432837E-05 1.393004E-01 3.528008E-01 5.078987E-01
4 4.091977E-08 6.247894E-04 5.843001E-05 1.068913E-05 1.373954E-01 3.529624E-01 5.096422E-01
5 3.492067E-08 4.308831E-04 3.970295E-05 7.009026E-06 1.354728E-01 3.531199E-01 5.114072E-01
6 2.798205E-08 2.587674E-04 2.352728E-05 4.023721E-06 1.338250E-01 3.532461E-01 5.129289E-01
7 2.215025E-08 1.515319E-04 1.368153E-05 2.300684E-06 1.330066E-01 3.532986E-01 5.136947E-01
8 1.707463E-08 8.670226E-05 7.804928E-06 1.302496E-06 1.326780E-01 3.533136E-01 5.140083E-01
9 1.097479E-08 3.722152E-05 3.348789E-06 5.579922E-07 1.326202E-01 3.533187E-01 5.140611E-01
10 5.858540E-09 1.211425E-05 1.089836E-06 1.815464E-07 1.326203E-01 3.533326E-01 5.140471E-01
11 2.121460E-09 1.772806E-06 1.595087E-07 2.657585E-08 1.326511E-01 3.533635E-01 5.139853E-01
12 2.854222E-10 4.157026E-08 3.741093E-09 6.234736E-10 1.327002E-01 3.534132E-01 5.138865E-01
##---
35 2.1 2.2  : i wavelength min & max
# iz ExtRayleigh absg(1) absg(2) absg(3) wkd(1) wkd(2) wkd(3)
1 4.570233E-08 4.919233E-05 9.179575E-06 5.878423E-06 1.827185E-01 3.422581E-01 4.750234E-01
2 4.143326E-08 3.127168E-05 5.839819E-06 3.733558E-06 1.788276E-01 3.408838E-01 4.802885E-01
3 3.747196E-08 1.908170E-05 3.526165E-06 2.228352E-06 1.734941E-01 3.390141E-01 4.874918E-01
4 3.380973E-08 1.127259E-05 2.028145E-06 1.246513E-06 1.663635E-01 3.365497E-01 4.970867E-01
5 2.885301E-08 5.480395E-06 9.300763E-07 5.343077E-07 1.547915E-01 3.326042E-01 5.126042E-01
6 2.312001E-08 2.271940E-06 3.351449E-07 1.584621E-07 1.366836E-01 3.267502E-01 5.365661E-01
7 1.830151E-08 1.117332E-06 1.368713E-07 4.535654E-08 1.195025E-01 3.216300E-01 5.588675E-01
8 1.410781E-08 6.267506E-07 6.567511E-08 1.427724E-08 1.077706E-01 3.188603E-01 5.733691E-01
9 9.067862E-09 2.690604E-07 2.685808E-08 5.054900E-09 1.049328E-01 3.187319E-01 5.763353E-01
10 4.840586E-09 8.264991E-08 8.071080E-09 1.455344E-09 1.055452E-01 3.200099E-01 5.744448E-01
11 1.752845E-09 9.908769E-09 9.485315E-10 1.687253E-10 1.092210E-01 3.236487E-01 5.671303E-01
12 2.358285E-10 1.373462E-10 1.263559E-11 2.162175E-12 1.204541E-01 3.349735E-01 5.445724E-01
##---
36 2.2 2.3  : i wavelength min & max
# iz ExtRayleigh absg(1) absg(2) absg(3) wkd(1) wkd(2) wkd(3)
1 3.809157E-08 5.565035E-05 1.039246E-05 6.546235E-06 1.558512E-01 3.477831E-01 4.963656E-01
2 3.453343E-08 4.278725E-05 7.292491E-06 4.255907E-06 1.544325E-01 3.478236E-01 4.977439E-01
3 3.123180E-08 3.293539E-05 5.030817E-06 2.632348E-06 1.528741E-01 3.478951E-01 4.992307E-01
4 2.817943E-08 2.552406E-05 3.461857E-06 1.562363E-06 1.511876E-01 3.479978E-01 5.008147E-01
5 2.404815E-08 1.783545E-05 2.110520E-06 7.598834E-07 1.489456E-01 3.480977E-01 5.029566E-01
6 1.926986E-08 1.123348E-05 1.162627E-06 3.044336E-07 1.461804E-01 3.481603E-01 5.056593E-01
7 1.525379E-08 7.029123E-06 6.757095E-07 1.381410E-07 1.440750E-01 3.480416E-01 5.078833E-01
8 1.175846E-08 4.247483E-06 3.954808E-07 7.071930E-08 1.429801E-01 3.479106E-01 5.091093E-01
9 7.557801E-09 1.850316E-06 1.710416E-07 2.968837E-08 1.430220E-01 3.480967E-01 5.088813E-01
10 4.034488E-09 5.789649E-07 5.329522E-08 9.161982E-09 1.437204E-01 3.487107E-01 5.075688E-01
11 1.460945E-09 6.878366E-08 6.303416E-09 1.077952E-09 1.450330E-01 3.498014E-01 5.051655E-01
12 1.965562E-10 7.865071E-10 7.146545E-11 1.209672E-11 1.482839E-01 3.524953E-01 4.992207E-01
##---
37 2.3 2.4  : i wavelength min & max
# iz ExtRayleigh absg(1) absg(2) absg(3) wkd(1) wkd(2) wkd(3)
1 3.200157E-08 3.944611E-04 4.283344E-05 1.524313E-05 1.794471E-01 3.518228E-01 4.687301E-01
2 2.901229E-08 2.595211E-04 2.783846E-05 9.624338E-06 1.770404E-01 3.523723E-01 4.705873E-01
3 2.623852E-08 1.666538E-04 1.755938E-05 5.774652E-06 1.742045E-01 3.530203E-01 4.727752E-01
4 2.367416E-08 1.059941E-04 1.091980E-05 3.330747E-06 1.710007E-01 3.537531E-01 4.752462E-01
5 2.020338E-08 5.835566E-05 5.833846E-06 1.571279E-06 1.667574E-01 3.547242E-01 4.785184E-01
6 1.618903E-08 2.908382E-05 2.788537E-06 6.176095E-07 1.613887E-01 3.559564E-01 4.826548E-01
7 1.281504E-08 1.611283E-05 1.490493E-06 2.800138E-07 1.571824E-01 3.569287E-01 4.858889E-01
8 9.878535E-09 9.293924E-06 8.415486E-07 1.440381E-07 1.549228E-01 3.574593E-01 4.876179E-01
9 6.349475E-09 4.025610E-06 3.628233E-07 6.086012E-08 1.545001E-01 3.575789E-01 4.879209E-01
10 3.389462E-09 1.268829E-06 1.142428E-07 1.907771E-08 1.544399E-01 3.576144E-01 4.879457E-01
11 1.227372E-09 1.533296E-07 1.380580E-08 2.305522E-09 1.544576E-01 3.576191E-01 4.879232E-01
12 1.651312E-10 1.826021E-09 1.644329E-10 2.746627E-11 1.544759E-01 3.576138E-01 4.879103E-01
##---
38 2.4 2.5  : i wavelength min & max
# iz ExtRayleigh absg(1) absg(2) absg(3) wkd(1) wkd(2) wkd(3)
1 2.708170E-08 5.600459E-03 5.637918E-04 1.488322E-04 1.984210E-01 3.475159E-01 4.540631E-01
2 2.455199E-08 3.382314E-03 3.410719E-04 9.054292E-05 1.983929E-01 3.475222E-01 4.540848E-01
3 2.220465E-08 1.913716E-03 1.932063E-04 5.150535E-05 1.983466E-01 3.475327E-01 4.541206E-01
4 2.003454E-08 1.007929E-03 1.018685E-04 2.727225E-05 1.982668E-01 3.475508E-01 4.541823E-01
5 1.709735E-08 3.883865E-04 3.938800E-05 1.067867E-05 1.980783E-01 3.475935E-01 4.543281E-01
6 1.370016E-08 9.324863E-05 9.514957E-06 2.642749E-06 1.975142E-01 3.477208E-01 4.547648E-01
7 1.084488E-08 1.772845E-05 1.822334E-06 5.220385E-07 1.962017E-01 3.480140E-01 4.557843E-01
8 8.359828E-09 2.115852E-06 2.185471E-07 6.256109E-08 1.933715E-01 3.486109E-01 4.580176E-01
9 5.373318E-09 2.764359E-07 2.891103E-08 7.565303E-09 1.905653E-01 3.490570E-01 4.603776E-01
10 2.868373E-09 4.428783E-08 4.722315E-09 1.064100E-09 1.878300E-01 3.491775E-01 4.629924E-01
11 1.038678E-09 5.634237E-09 5.956897E-10 1.329494E-10 1.880372E-01 3.491611E-01 4.628016E-01
12 1.397442E-10 8.759457E-11 8.941846E-12 1.934322E-12 1.888310E-01 3.490511E-01 4.621179E-01
##---
39 2.5 2.6  : i wavelength min & max
# iz ExtRayleigh absg(1) absg(2) absg(3) wkd(1) wkd(2) wkd(3)
1 2.307220E-08 8.372635E-01 7.880257E-02 1.629203E-02 1.984996E-01 3.474979E-01 4.540024E-01
2 2.091702E-08 5.055256E-01 4.767257E-02 9.937407E-03 1.984995E-01 3.474978E-01 4.540026E-01
3 1.891721E-08 2.859237E-01 2.701857E-02 5.680205E-03 1.984992E-01 3.474977E-01 4.540029E-01
4 1.706838E-08 1.504930E-01 1.425226E-02 3.023604E-03 1.984988E-01 3.474976E-01 4.540035E-01
5 1.456605E-08 5.788265E-02 5.502847E-03 1.185813E-03 1.984978E-01 3.474972E-01 4.540050E-01
6 1.167182E-08 1.381254E-02 1.321259E-03 2.917451E-04 1.984939E-01 3.474956E-01 4.540104E-01
7 9.239271E-09 2.578801E-03 2.485588E-04 5.649666E-05 1.984791E-01 3.474898E-01 4.540311E-01
8 7.122138E-09 2.837300E-04 2.753249E-05 6.411302E-06 1.983843E-01 3.474517E-01 4.541640E-01
9 4.577787E-09 2.910487E-05 2.830533E-06 6.624470E-07 1.980257E-01 3.473076E-01 4.546667E-01
10 2.443704E-09 2.931610E-06 2.852091E-07 6.634855E-08 1.971310E-01 3.469554E-01 4.559136E-01
11 8.848998E-10 3.943670E-07 3.804801E-08 8.615903E-09 1.973602E-01 3.470681E-01 4.555717E-01
12 1.190548E-10 7.622885E-09 7.184356E-10 1.494633E-10 1.978211E-01 3.472915E-01 4.548873E-01
##---
40 2.6 2.7  : i wavelength min & max
# iz ExtRayleigh absg(1) absg(2) absg(3) wkd(1) wkd(2) wkd(3)
1 1.977815E-08 2.838568E+00 2.629716E-01 5.091149E-02 1.966359E-01 3.475490E-01 4.558151E-01
2 1.793067E-08 1.726079E+00 1.600848E-01 3.115326E-02 1.961060E-01 3.475634E-01 4.563305E-01
3 1.621637E-08 9.874887E-01 9.169719E-02 1.792905E-02 1.952928E-01 3.475856E-01 4.571215E-01
4 1.463151E-08 5.297265E-01 4.927845E-02 9.673932E-03 1.940421E-01 3.476196E-01 4.583383E-01
5 1.248643E-08 2.124813E-01 1.987504E-02 3.923545E-03 1.916638E-01 3.476838E-01 4.606523E-01
6 1.000542E-08 5.719068E-02 5.475846E-03 1.083159E-03 1.869515E-01 3.478086E-01 4.652399E-01
7 7.920169E-09 1.457623E-02 1.499958E-03 2.928293E-04 1.811863E-01 3.479468E-01 4.708669E-01
8 6.105301E-09 4.187451E-03 4.895068E-04 9.170328E-05 1.748022E-01 3.479918E-01 4.772059E-01
9 3.924210E-09 1.541661E-03 1.874371E-04 3.416051E-05 1.697816E-01 3.476558E-01 4.825626E-01
10 2.094813E-09 5.183928E-04 6.250270E-05 1.117561E-05 1.649327E-01 3.467018E-01 4.883655E-01
11 7.585614E-10 8.399891E-05 1.015774E-05 1.818820E-06 1.653402E-01 3.469581E-01 4.877016E-01
12 1.020572E-10 2.491934E-06 3.031631E-07 5.446315E-08 1.662340E-01 3.474713E-01 4.862946E-01
##---
41 2.7 2.8  : i wavelength min & max
# iz ExtRayleigh absg(1) absg(2) absg(3) wkd(1) wkd(2) wkd(3)
1 1.705165E-08 1.366838E+00 1.277332E-01 2.576173E-02 1.940100E-01 3.476223E-01 4.583677E-01
2 1.545885E-08 8.402289E-01 7.858630E-02 1.591800E-02 1.927173E-01 3.476580E-01 4.596246E-01
3 1.398088E-08 4.891377E-01 4.577431E-02 9.295143E-03 1.907186E-01 3.477134E-01 4.615680E-01
4 1.261449E-08 2.700366E-01 2.528022E-02 5.131067E-03 1.876073E-01 3.477995E-01 4.645931E-01
5 1.076513E-08 1.152691E-01 1.081031E-02 2.183397E-03 1.815584E-01 3.479669E-01 4.704747E-01
6 8.626132E-09 3.652833E-02 3.453835E-03 6.796783E-04 1.689685E-01 3.483154E-01 4.827161E-01
7 6.828341E-09 1.269454E-02 1.217766E-03 2.266670E-04 1.521665E-01 3.487804E-01 4.990532E-01
8 5.263660E-09 5.569478E-03 5.240518E-04 9.071856E-05 1.339083E-01 3.492856E-01 5.168060E-01
9 3.383242E-09 2.390330E-03 2.185322E-04 3.680657E-05 1.263464E-01 3.494949E-01 5.241587E-01
10 1.806035E-09 8.203611E-04 7.420855E-05 1.240690E-05 1.241691E-01 3.495552E-01 5.262758E-01
11 6.539908E-10 1.337601E-04 1.208916E-05 2.019757E-06 1.240041E-01 3.495601E-01 5.264358E-01
12 8.798818E-11 4.015229E-06 3.623496E-07 6.046741E-08 1.237220E-01 3.495682E-01 5.267099E-01
##---
42 2.8 2.9  : i wavelength min & max
# iz ExtRayleigh absg(1) absg(2) absg(3) wkd(1) wkd(2) wkd(3)
1 1.477928E-08 1.446349E-01 1.369180E-02 2.860929E-03 1.965538E-01 3.471325E-01 4.563136E-01
2 1.339875E-08 8.814421E-02 8.362478E-03 1.756751E-03 1.958840E-01 3.469846E-01 4.571314E-01
3 1.211773E-08 5.062489E-02 4.814482E-03 1.015469E-03 1.947809E-01 3.467341E-01 4.584849E-01
4 1.093344E-08 2.735895E-02 2.608861E-03 5.511004E-04 1.928935E-01 3.462905E-01 4.608159E-01
5 9.330525E-09 1.119797E-02 1.072148E-03 2.259636E-04 1.884899E-01 3.451802E-01 4.663298E-01
6 7.476579E-09 3.245042E-03 3.112239E-04 6.354631E-05 1.756359E-01 3.416393E-01 4.827248E-01
7 5.918369E-09 1.013405E-03 9.488842E-05 1.749776E-05 1.484518E-01 3.334430E-01 5.181053E-01
8 4.562204E-09 4.214152E-04 3.575663E-05 5.550050E-06 1.109709E-01 3.218915E-01 5.671376E-01
9 2.932378E-09 1.797547E-04 1.431340E-05 2.074846E-06 9.758376E-02 3.181341E-01 5.842822E-01
10 1.565355E-09 6.070924E-05 4.747348E-06 6.757554E-07 9.507126E-02 3.181761E-01 5.867526E-01
11 5.668374E-10 9.462940E-06 7.478592E-07 1.069819E-07 9.802394E-02 3.213113E-01 5.806647E-01
12 7.626253E-11 2.505759E-07 2.098599E-08 3.165630E-09 1.089627E-01 3.327019E-01 5.583354E-01
##---
43 2.9 3  : i wavelength min & max
# iz ExtRayleigh absg(1) absg(2) absg(3) wkd(1) wkd(2) wkd(3)
1 1.287321E-08 1.384460E-02 1.334385E-03 3.071747E-04 1.949942E-01 3.492370E-01 4.557688E-01
2 1.167072E-08 8.303761E-03 8.026003E-04 1.867267E-04 1.948769E-01 3.491790E-01 4.559440E-01
3 1.055492E-08 4.667594E-03 4.524393E-04 1.063845E-04 1.946763E-01 3.490794E-01 4.562444E-01
4 9.523357E-09 2.444101E-03 2.376308E-04 5.649742E-05 1.943136E-01 3.488987E-01 4.567876E-01
5 8.127173E-09 9.353199E-04 9.143801E-05 2.216849E-05 1.933647E-01 3.484222E-01 4.582131E-01
6 6.512329E-09 2.252597E-04 2.219566E-05 5.526178E-06 1.898817E-01 3.466582E-01 4.634601E-01
7 5.155080E-09 4.541678E-05 4.499709E-06 1.133627E-06 1.779025E-01 3.405310E-01 4.815664E-01
8 3.973819E-09 7.614547E-06 7.561542E-07 1.748204E-07 1.365836E-01 3.192020E-01 5.442144E-01
9 2.554191E-09 1.812292E-06 1.816542E-07 3.612536E-08 9.478616E-02 2.975127E-01 6.077011E-01
10 1.363472E-09 4.660605E-07 4.519823E-08 8.140858E-09 7.436995E-02 2.873015E-01 6.383284E-01
11 4.937327E-10 5.200326E-08 5.044068E-09 9.122421E-10 8.152170E-02 2.928554E-01 6.256229E-01
12 6.642700E-11 6.473484E-10 6.272153E-11 1.126614E-11 1.104892E-01 3.153340E-01 5.741768E-01
##---
44 3 3.1  : i wavelength min & max
# iz ExtRayleigh absg(1) absg(2) absg(3) wkd(1) wkd(2) wkd(3)
1 1.126479E-08 1.565205E-02 1.477374E-03 3.091666E-04 1.945199E-01 3.498037E-01 4.556764E-01
2 1.021254E-08 9.346985E-03 8.844236E-04 1.869884E-04 1.945121E-01 3.498011E-01 4.556868E-01
3 9.236156E-09 5.227596E-03 4.959081E-04 1.059572E-04 1.944989E-01 3.497965E-01 4.557045E-01
4 8.333483E-09 2.720252E-03 2.587607E-04 5.590948E-05 1.944753E-01 3.497882E-01 4.557365E-01
5 7.111741E-09 1.028141E-03 9.827502E-05 2.165138E-05 1.944141E-01 3.497659E-01 4.558200E-01
6 5.698661E-09 2.397070E-04 2.308863E-05 5.244091E-06 1.941874E-01 3.496806E-01 4.561320E-01
7 4.510991E-09 4.387628E-05 4.262658E-06 1.002838E-06 1.933343E-01 3.493486E-01 4.573171E-01
8 3.477320E-09 4.895700E-06 4.766901E-07 1.143308E-07 1.889065E-01 3.476333E-01 4.634602E-01
9 2.235063E-09 5.476895E-07 5.359276E-08 1.264335E-08 1.798980E-01 3.444176E-01 4.756844E-01
10 1.193116E-09 6.671652E-08 6.828631E-09 1.557912E-09 1.695770E-01 3.408054E-01 4.896176E-01
11 4.320443E-10 9.404953E-09 9.575490E-10 2.132888E-10 1.661295E-01 3.389006E-01 4.949699E-01
12 5.812743E-11 2.041437E-10 2.082869E-11 4.398153E-12 1.642269E-01 3.393993E-01 4.963738E-01
##---
45 3.1 3.2  : i wavelength min & max
# iz ExtRayleigh absg(1) absg(2) absg(3) wkd(1) wkd(2) wkd(3)
1 9.899947E-09 8.532360E-03 8.251582E-04 1.916115E-04 1.938637E-01 3.499128E-01 4.562235E-01
2 8.975189E-09 5.110468E-03 4.957048E-04 1.167081E-04 1.936181E-01 3.499447E-01 4.564371E-01
3 8.117101E-09 2.872019E-03 2.792800E-04 6.665383E-05 1.932203E-01 3.499961E-01 4.567836E-01
4 7.323796E-09 1.506832E-03 1.467822E-04 3.550410E-05 1.925609E-01 3.500810E-01 4.573582E-01
5 6.250080E-09 5.808708E-04 5.668910E-05 1.400100E-05 1.910835E-01 3.502423E-01 4.586741E-01
6 5.008210E-09 1.441913E-04 1.405361E-05 3.543880E-06 1.872305E-01 3.504705E-01 4.622990E-01
7 3.964437E-09 3.189714E-05 3.096760E-06 7.657599E-07 1.792862E-01 3.495013E-01 4.712124E-01
8 3.056006E-09 7.464304E-06 7.175317E-07 1.473525E-07 1.589404E-01 3.399667E-01 5.010929E-01
9 1.964262E-09 3.115675E-06 2.799156E-07 4.613152E-08 1.177388E-01 3.077291E-01 5.745321E-01
10 1.048558E-09 1.768321E-06 1.466655E-07 2.284613E-08 6.988247E-02 2.641802E-01 6.659374E-01
11 3.796977E-10 6.247993E-07 5.488122E-08 9.045904E-09 4.203033E-02 2.362769E-01 7.216928E-01
12 5.108469E-11 2.592660E-08 2.367896E-09 3.958829E-10 3.227762E-02 2.263990E-01 7.413234E-01
##---
46 3.2 3.3  : i wavelength min & max
# iz ExtRayleigh absg(1) absg(2) absg(3) wkd(1) wkd(2) wkd(3)
1 8.735716E-09 1.438497E-02 1.361002E-03 2.904716E-04 1.931758E-01 3.500021E-01 4.568220E-01
2 7.919710E-09 8.668226E-03 8.214338E-04 1.770520E-04 1.926702E-01 3.500573E-01 4.572724E-01
3 7.162532E-09 4.921284E-03 4.667744E-04 1.015031E-04 1.918475E-01 3.501465E-01 4.580060E-01
4 6.462519E-09 2.628383E-03 2.492135E-04 5.456640E-05 1.904759E-01 3.502951E-01 4.592290E-01
5 5.515073E-09 1.058224E-03 1.000947E-04 2.205431E-05 1.873548E-01 3.505545E-01 4.620906E-01
6 4.419245E-09 3.011552E-04 2.818955E-05 6.104428E-06 1.791553E-01 3.507668E-01 4.700779E-01
7 3.498221E-09 9.317519E-05 8.568959E-06 1.707761E-06 1.640255E-01 3.485335E-01 4.874410E-01
8 2.696621E-09 3.861781E-05 3.489125E-06 6.083374E-07 1.430064E-01 3.396425E-01 5.173512E-01
9 1.733266E-09 1.830512E-05 1.699928E-06 2.979589E-07 1.227072E-01 3.222288E-01 5.550640E-01
10 9.252478E-10 8.404023E-06 9.175482E-07 1.819852E-07 9.904743E-02 2.979382E-01 6.030143E-01
11 3.350454E-10 2.743707E-06 3.638910E-07 7.366501E-08 6.801590E-02 2.648351E-01 6.671489E-01
12 4.507714E-11 1.411441E-07 1.699185E-08 3.116578E-09 4.378701E-02 2.389660E-01 7.172469E-01
##---
47 3.3 3.4  : i wavelength min & max
# iz ExtRayleigh absg(1) absg(2) absg(3) wkd(1) wkd(2) wkd(3)
1 7.737728E-09 3.984676E-03 3.835585E-04 8.985370E-05 1.876664E-01 3.510760E-01 4.612576E-01
2 7.014944E-09 2.496653E-03 2.402108E-04 5.639061E-05 1.858419E-01 3.513916E-01 4.627664E-01
3 6.344267E-09 1.505557E-03 1.445704E-04 3.376183E-05 1.832987E-01 3.518267E-01 4.648745E-01
4 5.724226E-09 8.835260E-04 8.453105E-05 1.941610E-05 1.798500E-01 3.524096E-01 4.677402E-01
5 4.885018E-09 4.298064E-04 4.087328E-05 9.027838E-06 1.741750E-01 3.532872E-01 4.725377E-01
6 3.914380E-09 1.822177E-04 1.708433E-05 3.443977E-06 1.652177E-01 3.543147E-01 4.804676E-01
7 3.098576E-09 9.173707E-05 8.431827E-06 1.534966E-06 1.562600E-01 3.537412E-01 4.899987E-01
8 2.388552E-09 5.276192E-05 4.784693E-06 8.176322E-07 1.473742E-01 3.489377E-01 5.036882E-01
9 1.535253E-09 2.577843E-05 2.357052E-06 4.039893E-07 1.329320E-01 3.343836E-01 5.326843E-01
10 8.195454E-10 1.160156E-05 1.126752E-06 2.037854E-07 1.039315E-01 3.035059E-01 5.925626E-01
11 2.967690E-10 3.400408E-06 3.757776E-07 7.012927E-08 6.575421E-02 2.626511E-01 6.715947E-01
12 3.992743E-11 1.487865E-07 1.607730E-08 2.851369E-09 4.195307E-02 2.371766E-01 7.208702E-01
##---
48 3.4 3.5  : i wavelength min & max
# iz ExtRayleigh absg(1) absg(2) absg(3) wkd(1) wkd(2) wkd(3)
1 6.878286E-09 3.979480E-04 4.385599E-05 1.469935E-05 1.751681E-01 3.535778E-01 4.712541E-01
2 6.235783E-09 2.799961E-04 3.029362E-05 9.722235E-06 1.720270E-01 3.541863E-01 4.737867E-01
3 5.639599E-09 1.966027E-04 2.071370E-05 6.215020E-06 1.684519E-01 3.548787E-01 4.766693E-01
4 5.088427E-09 1.394648E-04 1.421838E-05 3.889314E-06 1.647286E-01 3.555997E-01 4.796716E-01
5 4.342432E-09 8.866558E-05 8.671654E-06 2.073207E-06 1.605583E-01 3.564029E-01 4.830388E-01
6 3.479604E-09 5.137886E-05 4.808363E-06 9.679591E-07 1.568641E-01 3.571007E-01 4.860353E-01
7 2.754412E-09 3.075631E-05 2.807090E-06 5.029543E-07 1.550808E-01 3.573847E-01 4.875345E-01
8 2.123252E-09 1.825967E-05 1.648545E-06 2.791563E-07 1.543078E-01 3.573460E-01 4.883462E-01
9 1.364730E-09 8.015591E-06 7.226226E-07 1.211279E-07 1.533421E-01 3.565264E-01 4.901314E-01
10 7.285172E-10 2.628140E-06 2.375378E-07 3.994675E-08 1.492191E-01 3.526198E-01 4.981611E-01
11 2.638064E-10 3.947931E-07 3.627189E-08 6.241810E-09 1.286408E-01 3.335959E-01 5.377632E-01
12 3.549263E-11 7.373442E-09 7.136086E-10 1.283082E-10 9.875228E-02 3.057004E-01 5.955473E-01
##---
49 3.5 3.6  : i wavelength min & max
# iz ExtRayleigh absg(1) absg(2) absg(3) wkd(1) wkd(2) wkd(3)
1 6.134940E-09 5.147337E-04 5.350173E-05 1.545136E-05 1.852133E-01 3.483440E-01 4.664426E-01
2 5.561873E-09 3.259006E-04 3.389730E-05 9.797786E-06 1.822096E-01 3.477375E-01 4.700529E-01
3 5.030120E-09 1.997777E-04 2.070205E-05 5.912379E-06 1.777997E-01 3.468219E-01 4.753785E-01
4 4.538514E-09 1.202453E-04 1.233951E-05 3.417379E-06 1.715442E-01 3.454909E-01 4.829649E-01
5 3.873139E-09 6.136722E-05 6.171892E-06 1.596785E-06 1.609423E-01 3.428753E-01 4.961824E-01
6 3.103558E-09 2.813505E-05 2.728289E-06 6.114539E-07 1.452837E-01 3.377112E-01 5.170051E-01
7 2.456739E-09 1.517042E-05 1.431696E-06 2.787846E-07 1.315958E-01 3.282232E-01 5.401810E-01
8 1.893789E-09 9.200407E-06 8.689638E-07 1.617025E-07 1.185979E-01 3.087678E-01 5.726342E-01
9 1.217242E-09 4.661126E-06 4.721918E-07 1.024757E-07 1.004120E-01 2.707342E-01 6.288538E-01
10 6.497853E-10 1.838080E-06 2.592223E-07 8.352055E-08 8.020961E-02 2.276085E-01 6.921820E-01
11 2.352964E-10 2.713963E-07 1.071908E-07 4.911226E-08 6.833371E-02 2.030316E-01 7.286347E-01
12 3.165689E-11 4.475398E-09 6.639571E-09 3.257556E-09 6.288033E-02 1.926334E-01 7.444862E-01
##---
50 3.6 3.7  : i wavelength min & max
# iz ExtRayleigh absg(1) absg(2) absg(3) wkd(1) wkd(2) wkd(3)
1 5.489364E-09 4.274693E-04 4.554598E-05 1.418477E-05 1.913245E-01 3.496960E-01 4.589796E-01
2 4.976601E-09 2.607144E-04 2.794266E-05 8.847962E-06 1.901785E-01 3.495691E-01 4.602523E-01
3 4.500804E-09 1.508385E-04 1.622264E-05 5.194282E-06 1.883898E-01 3.493608E-01 4.622493E-01
4 4.060929E-09 8.305524E-05 8.932191E-06 2.868253E-06 1.856075E-01 3.490345E-01 4.653580E-01
5 3.465571E-09 3.573687E-05 3.826216E-06 1.216603E-06 1.799668E-01 3.480810E-01 4.719522E-01
6 2.776973E-09 1.197647E-05 1.255898E-06 3.718257E-07 1.681502E-01 3.448526E-01 4.869971E-01
7 2.198218E-09 4.816093E-06 4.873964E-07 1.238029E-07 1.507644E-01 3.342065E-01 5.150290E-01
8 1.694507E-09 2.573111E-06 2.551224E-07 5.790934E-08 1.279854E-01 3.078419E-01 5.641726E-01
9 1.089152E-09 1.354648E-06 1.484024E-07 3.954347E-08 1.005571E-01 2.604410E-01 6.390020E-01
10 5.814089E-10 6.087634E-07 1.033334E-07 3.596680E-08 7.068149E-02 2.059716E-01 7.233469E-01
11 2.105364E-10 1.342271E-07 6.266275E-08 2.113096E-08 4.206348E-02 1.538002E-01 8.041363E-01
12 2.832566E-11 5.048986E-09 5.351625E-09 1.340566E-09 1.963959E-02 1.131468E-01 8.672136E-01
##---
51 3.7 3.8  : i wavelength min & max
# iz ExtRayleigh absg(1) absg(2) absg(3) wkd(1) wkd(2) wkd(3)
1 4.926524E-09 2.562286E-04 3.084875E-05 1.228795E-05 1.925864E-01 3.501633E-01 4.572502E-01
2 4.466336E-09 1.558861E-04 1.909351E-05 7.830643E-06 1.919075E-01 3.502871E-01 4.578053E-01
3 4.039324E-09 8.979800E-05 1.120154E-05 4.732200E-06 1.908177E-01 3.504860E-01 4.586963E-01
4 3.644550E-09 4.909351E-05 6.251311E-06 2.726177E-06 1.890349E-01 3.508115E-01 4.601535E-01
5 3.110236E-09 2.080213E-05 2.740707E-06 1.254938E-06 1.852331E-01 3.515077E-01 4.632592E-01
6 2.492242E-09 6.727436E-06 9.328317E-07 4.555134E-07 1.765248E-01 3.531071E-01 4.703681E-01
7 1.972828E-09 2.520549E-06 3.633966E-07 1.852735E-07 1.649252E-01 3.552490E-01 4.798259E-01
8 1.520765E-09 1.172760E-06 1.693670E-07 8.664073E-08 1.560415E-01 3.568974E-01 4.870612E-01
9 9.774784E-10 4.853791E-07 6.795636E-08 3.357989E-08 1.538865E-01 3.572747E-01 4.888388E-01
10 5.217954E-10 1.515951E-07 2.048060E-08 9.683863E-09 1.532956E-01 3.572698E-01 4.894346E-01
11 1.889495E-10 1.861648E-08 2.441600E-09 1.108273E-09 1.527403E-01 3.567089E-01 4.905508E-01
12 2.542134E-11 2.462170E-10 3.157543E-11 1.376171E-11 1.500984E-01 3.537062E-01 4.961954E-01
##---
52 3.8 3.9  : i wavelength min & max
# iz ExtRayleigh absg(1) absg(2) absg(3) wkd(1) wkd(2) wkd(3)
1 4.434013E-09 2.144627E-04 3.245322E-05 1.447327E-05 1.238307E-01 3.122033E-01 5.639661E-01
2 4.019831E-09 1.506512E-04 2.354852E-05 1.023297E-05 1.199437E-01 3.103935E-01 5.696627E-01
3 3.635507E-09 1.054589E-04 1.701448E-05 7.112610E-06 1.156253E-01 3.085032E-01 5.758715E-01
4 3.280200E-09 7.474342E-05 1.237896E-05 4.926100E-06 1.108622E-01 3.065996E-01 5.825381E-01
5 2.799302E-09 4.805224E-05 8.080682E-06 3.008418E-06 1.043983E-01 3.043645E-01 5.912371E-01
6 2.243090E-09 2.913273E-05 4.786757E-06 1.644238E-06 9.569942E-02 3.020600E-01 6.022406E-01
7 1.775602E-09 1.857165E-05 2.899236E-06 9.405259E-07 8.846534E-02 3.007157E-01 6.108189E-01
8 1.368732E-09 1.143403E-05 1.715164E-06 5.377653E-07 8.448315E-02 3.001919E-01 6.153249E-01
9 8.797587E-10 4.932967E-06 7.283273E-07 2.224401E-07 8.379810E-02 3.002383E-01 6.159636E-01
10 4.696308E-10 1.476416E-06 2.163896E-07 6.516059E-08 8.407746E-02 3.006954E-01 6.152272E-01
11 1.700600E-10 1.653580E-07 2.412888E-08 7.284080E-09 8.485714E-02 3.016927E-01 6.134502E-01
12 2.287994E-11 1.641663E-09 2.380488E-10 7.740942E-11 8.759648E-02 3.052770E-01 6.071265E-01
##---
53 3.9 4  : i wavelength min & max
# iz ExtRayleigh absg(1) absg(2) absg(3) wkd(1) wkd(2) wkd(3)
1 4.001544E-09 1.229122E-04 3.032804E-05 2.032656E-05 7.634247E-02 2.910859E-01 6.325716E-01
2 3.627759E-09 9.897943E-05 2.339701E-05 1.523348E-05 7.407412E-02 2.899622E-01 6.359637E-01
3 3.280920E-09 7.951910E-05 1.797064E-05 1.132646E-05 7.212368E-02 2.890275E-01 6.388487E-01
4 2.960268E-09 6.384018E-05 1.382457E-05 8.430240E-06 7.055762E-02 2.882984E-01 6.411440E-01
5 2.526273E-09 4.596099E-05 9.500846E-06 5.579279E-06 6.906094E-02 2.875374E-01 6.434017E-01
6 2.024311E-09 2.950134E-05 5.824191E-06 3.290258E-06 6.777672E-02 2.867653E-01 6.454579E-01
7 1.602420E-09 1.858288E-05 3.553945E-06 1.954925E-06 6.694651E-02 2.861253E-01 6.469281E-01
8 1.235233E-09 1.117810E-05 2.090695E-06 1.128052E-06 6.652886E-02 2.857358E-01 6.477353E-01
9 7.939520E-10 4.767243E-06 8.679618E-07 4.556980E-07 6.663422E-02 2.857455E-01 6.476202E-01
10 4.238256E-10 1.411086E-06 2.540174E-07 1.309999E-07 6.756175E-02 2.865709E-01 6.458674E-01
11 1.534733E-10 1.551591E-07 2.836217E-08 1.463340E-08 7.009417E-02 2.890837E-01 6.408221E-01
12 2.064836E-11 1.548093E-09 3.069978E-10 1.703581E-10 7.684526E-02 2.943991E-01 6.287557E-01
