##---
1 0.3 0.32  : i wavelength min & max
# iz ExtRayleigh absg(1) absg(2) absg(3) wkd(1) wkd(2) wkd(3)
1 1.195772E-04 8.687102E-06 8.687102E-06 8.687102E-06 3.333333E-01 3.333333E-01 3.333333E-01
2 1.080210E-04 9.150439E-06 9.150439E-06 9.150439E-06 3.333333E-01 3.333333E-01 3.333333E-01
3 9.736428E-05 9.371021E-06 9.371021E-06 9.371021E-06 3.333333E-01 3.333333E-01 3.333333E-01
4 8.754875E-05 9.589552E-06 9.589552E-06 9.589552E-06 3.333333E-01 3.333333E-01 3.333333E-01
5 7.463946E-05 1.058200E-05 1.058200E-05 1.058200E-05 3.333333E-01 3.333333E-01 3.333333E-01
6 6.003903E-05 1.179418E-05 1.179418E-05 1.179418E-05 3.333333E-01 3.333333E-01 3.333333E-01
7 4.784395E-05 1.641838E-05 1.641838E-05 1.641838E-05 3.333333E-01 3.333333E-01 3.333333E-01
8 3.664863E-05 2.659881E-05 2.659881E-05 2.659881E-05 3.333333E-01 3.333333E-01 3.333333E-01
9 2.354394E-05 3.553805E-05 3.553805E-05 3.553805E-05 3.333333E-01 3.333333E-01 3.333333E-01
10 1.286179E-05 4.545353E-05 4.545353E-05 4.545353E-05 3.333333E-01 3.333333E-01 3.333333E-01
11 4.803062E-06 4.170762E-05 4.170762E-05 4.170762E-05 3.333333E-01 3.333333E-01 3.333333E-01
12 6.886743E-07 5.321600E-06 5.321600E-06 5.321600E-06 3.333333E-01 3.333333E-01 3.333333E-01
##---
2 0.32 0.34  : i wavelength min & max
# iz ExtRayleigh absg(1) absg(2) absg(3) wkd(1) wkd(2) wkd(3)
1 9.163662E-05 5.496199E-07 5.496199E-07 5.496199E-07 3.333333E-01 3.333333E-01 3.333333E-01
2 8.278066E-05 5.691879E-07 5.691879E-07 5.691879E-07 3.333333E-01 3.333333E-01 3.333333E-01
3 7.461401E-05 5.732982E-07 5.732982E-07 5.732982E-07 3.333333E-01 3.333333E-01 3.333333E-01
4 6.709198E-05 5.771444E-07 5.771444E-07 5.771444E-07 3.333333E-01 3.333333E-01 3.333333E-01
5 5.719910E-05 6.203864E-07 6.203864E-07 6.203864E-07 3.333333E-01 3.333333E-01 3.333333E-01
6 4.601023E-05 6.666972E-07 6.666972E-07 6.666972E-07 3.333333E-01 3.333333E-01 3.333333E-01
7 3.666467E-05 8.965511E-07 8.965511E-07 8.965511E-07 3.333333E-01 3.333333E-01 3.333333E-01
8 2.808526E-05 1.430357E-06 1.430357E-06 1.430357E-06 3.333333E-01 3.333333E-01 3.333333E-01
9 1.804263E-05 1.911067E-06 1.911067E-06 1.911067E-06 3.333333E-01 3.333333E-01 3.333333E-01
10 9.856483E-06 2.444275E-06 2.444275E-06 2.444275E-06 3.333333E-01 3.333333E-01 3.333333E-01
11 3.680772E-06 2.266954E-06 2.266954E-06 2.266954E-06 3.333333E-01 3.333333E-01 3.333333E-01
12 5.277577E-07 3.091880E-07 3.091880E-07 3.091880E-07 3.333333E-01 3.333333E-01 3.333333E-01
##---
3 0.34 0.36  : i wavelength min & max
# iz ExtRayleigh absg(1) absg(2) absg(3) wkd(1) wkd(2) wkd(3)
1 7.147356E-05 2.633779E-08 2.633779E-08 2.633779E-08 3.333333E-01 3.333333E-01 3.333333E-01
2 6.456619E-05 2.652877E-08 2.652877E-08 2.652877E-08 3.333333E-01 3.333333E-01 3.333333E-01
3 5.819647E-05 2.598191E-08 2.598191E-08 2.598191E-08 3.333333E-01 3.333333E-01 3.333333E-01
4 5.232954E-05 2.542364E-08 2.542364E-08 2.542364E-08 3.333333E-01 3.333333E-01 3.333333E-01
5 4.461342E-05 2.606867E-08 2.606867E-08 2.606867E-08 3.333333E-01 3.333333E-01 3.333333E-01
6 3.588647E-05 2.615599E-08 2.615599E-08 2.615599E-08 3.333333E-01 3.333333E-01 3.333333E-01
7 2.859723E-05 3.289392E-08 3.289392E-08 3.289392E-08 3.333333E-01 3.333333E-01 3.333333E-01
8 2.190558E-05 5.096050E-08 5.096050E-08 5.096050E-08 3.333333E-01 3.333333E-01 3.333333E-01
9 1.407266E-05 6.808713E-08 6.808713E-08 6.808713E-08 3.333333E-01 3.333333E-01 3.333333E-01
10 7.687734E-06 8.708416E-08 8.708416E-08 8.708416E-08 3.333333E-01 3.333333E-01 3.333333E-01
11 2.870881E-06 8.243077E-08 8.243077E-08 8.243077E-08 3.333333E-01 3.333333E-01 3.333333E-01
12 4.116337E-07 1.277735E-08 1.277735E-08 1.277735E-08 3.333333E-01 3.333333E-01 3.333333E-01
##---
4 0.36 0.38  : i wavelength min & max
# iz ExtRayleigh absg(1) absg(2) absg(3) wkd(1) wkd(2) wkd(3)
1 5.660731E-05 3.306785E-10 3.306785E-10 3.306785E-10 3.333333E-01 3.333333E-01 3.333333E-01
2 5.113666E-05 3.499023E-10 3.499023E-10 3.499023E-10 3.333333E-01 3.333333E-01 3.333333E-01
3 4.609181E-05 3.599929E-10 3.599929E-10 3.599929E-10 3.333333E-01 3.333333E-01 3.333333E-01
4 4.144518E-05 3.701276E-10 3.701276E-10 3.701276E-10 3.333333E-01 3.333333E-01 3.333333E-01
5 3.533399E-05 4.117021E-10 4.117021E-10 4.117021E-10 3.333333E-01 3.333333E-01 3.333333E-01
6 2.842221E-05 4.644938E-10 4.644938E-10 4.644938E-10 3.333333E-01 3.333333E-01 3.333333E-01
7 2.264911E-05 6.553193E-10 6.553193E-10 6.553193E-10 3.333333E-01 3.333333E-01 3.333333E-01
8 1.734930E-05 1.068946E-09 1.068946E-09 1.068946E-09 3.333333E-01 3.333333E-01 3.333333E-01
9 1.114560E-05 1.428194E-09 1.428194E-09 1.428194E-09 3.333333E-01 3.333333E-01 3.333333E-01
10 6.088712E-06 1.826675E-09 1.826675E-09 1.826675E-09 3.333333E-01 3.333333E-01 3.333333E-01
11 2.273748E-06 1.668034E-09 1.668034E-09 1.668034E-09 3.333333E-01 3.333333E-01 3.333333E-01
12 3.260153E-07 2.076385E-10 2.076385E-10 2.076385E-10 3.333333E-01 3.333333E-01 3.333333E-01
##---
5 0.38 0.4  : i wavelength min & max
# iz ExtRayleigh absg(1) absg(2) absg(3) wkd(1) wkd(2) wkd(3)
1 4.544019E-05 2.063435E-16 2.063435E-16 2.063435E-16 3.333334E-01 3.333334E-01 3.333334E-01
2 4.104876E-05 1.263728E-16 1.263728E-16 1.263728E-16 3.333334E-01 3.333334E-01 3.333334E-01
3 3.699912E-05 7.702727E-17 7.702727E-17 7.702727E-17 3.333334E-01 3.333334E-01 3.333334E-01
4 3.326915E-05 4.421166E-17 4.421166E-17 4.421166E-17 3.333334E-01 3.333334E-01 3.333334E-01
5 2.836353E-05 1.842877E-17 1.842877E-17 1.842877E-17 3.333334E-01 3.333334E-01 3.333334E-01
6 2.281526E-05 4.383165E-18 4.383165E-18 4.383165E-18 3.333334E-01 3.333334E-01 3.333334E-01
7 1.818104E-05 7.113599E-19 7.113599E-19 7.113599E-19 3.333334E-01 3.333334E-01 3.333334E-01
8 1.392674E-05 4.561395E-20 4.561395E-20 4.561395E-20 3.333334E-01 3.333334E-01 3.333334E-01
9 8.946868E-06 3.802208E-21 3.802208E-21 3.802208E-21 3.333334E-01 3.333334E-01 3.333334E-01
10 4.887571E-06 9.758433E-22 9.758433E-22 9.758433E-22 3.333334E-01 3.333334E-01 3.333334E-01
11 1.825198E-06 1.294042E-22 1.294042E-22 1.294042E-22 3.333334E-01 3.333334E-01 3.333334E-01
12 2.617012E-07 1.811333E-24 1.811333E-24 1.811333E-24 3.333334E-01 3.333334E-01 3.333334E-01
##---
6 0.4 0.42  : i wavelength min & max
# iz ExtRayleigh absg(1) absg(2) absg(3) wkd(1) wkd(2) wkd(3)
1 3.691342E-05 1.064215E-10 1.064215E-10 1.064215E-10 3.333334E-01 3.333334E-01 3.333334E-01
2 3.334603E-05 1.135037E-10 1.135037E-10 1.135037E-10 3.333334E-01 3.333334E-01 3.333334E-01
3 3.005631E-05 1.176357E-10 1.176357E-10 1.176357E-10 3.333334E-01 3.333334E-01 3.333334E-01
4 2.702626E-05 1.217721E-10 1.217721E-10 1.217721E-10 3.333334E-01 3.333334E-01 3.333334E-01
5 2.304117E-05 1.368124E-10 1.368124E-10 1.368124E-10 3.333334E-01 3.333334E-01 3.333334E-01
6 1.853402E-05 1.562168E-10 1.562168E-10 1.562168E-10 3.333334E-01 3.333334E-01 3.333334E-01
7 1.476940E-05 2.223743E-10 2.223743E-10 2.223743E-10 3.333334E-01 3.333334E-01 3.333334E-01
8 1.131342E-05 3.638198E-10 3.638198E-10 3.638198E-10 3.333334E-01 3.333334E-01 3.333334E-01
9 7.268004E-06 4.860912E-10 4.860912E-10 4.860912E-10 3.333334E-01 3.333334E-01 3.333334E-01
10 3.970427E-06 6.217157E-10 6.217157E-10 6.217157E-10 3.333334E-01 3.333334E-01 3.333334E-01
11 1.482703E-06 5.665814E-10 5.665814E-10 5.665814E-10 3.333334E-01 3.333334E-01 3.333334E-01
12 2.125934E-07 6.921985E-11 6.921985E-11 6.921985E-11 3.333334E-01 3.333334E-01 3.333334E-01
##---
7 0.42 0.44  : i wavelength min & max
# iz ExtRayleigh absg(1) absg(2) absg(3) wkd(1) wkd(2) wkd(3)
1 3.030763E-05 1.937291E-09 1.937291E-09 1.937291E-09 3.333334E-01 3.333334E-01 3.333334E-01
2 2.737864E-05 2.066223E-09 2.066223E-09 2.066223E-09 3.333334E-01 3.333334E-01 3.333334E-01
3 2.467762E-05 2.141446E-09 2.141446E-09 2.141446E-09 3.333334E-01 3.333334E-01 3.333334E-01
4 2.218981E-05 2.216745E-09 2.216745E-09 2.216745E-09 3.333334E-01 3.333334E-01 3.333334E-01
5 1.891786E-05 2.490543E-09 2.490543E-09 2.490543E-09 3.333334E-01 3.333334E-01 3.333334E-01
6 1.521729E-05 2.843783E-09 2.843783E-09 2.843783E-09 3.333334E-01 3.333334E-01 3.333334E-01
7 1.212636E-05 4.048121E-09 4.048121E-09 4.048121E-09 3.333334E-01 3.333334E-01 3.333334E-01
8 9.288839E-06 6.623006E-09 6.623006E-09 6.623006E-09 3.333334E-01 3.333334E-01 3.333334E-01
9 5.967367E-06 8.848843E-09 8.848843E-09 8.848843E-09 3.333334E-01 3.333334E-01 3.333334E-01
10 3.259905E-06 1.131776E-08 1.131776E-08 1.131776E-08 3.333334E-01 3.333334E-01 3.333334E-01
11 1.217368E-06 1.031410E-08 1.031410E-08 1.031410E-08 3.333334E-01 3.333334E-01 3.333334E-01
12 1.745491E-07 1.260084E-09 1.260084E-09 1.260084E-09 3.333334E-01 3.333334E-01 3.333334E-01
##---
8 0.44 0.46  : i wavelength min & max
# iz ExtRayleigh absg(1) absg(2) absg(3) wkd(1) wkd(2) wkd(3)
1 2.512331E-05 8.775833E-09 8.775833E-09 8.775833E-09 3.333334E-01 3.333334E-01 3.333334E-01
2 2.269534E-05 9.359889E-09 9.359889E-09 9.359889E-09 3.333334E-01 3.333334E-01 3.333334E-01
3 2.045635E-05 9.700644E-09 9.700644E-09 9.700644E-09 3.333334E-01 3.333334E-01 3.333334E-01
4 1.839409E-05 1.004175E-08 1.004175E-08 1.004175E-08 3.333334E-01 3.333334E-01 3.333334E-01
5 1.568184E-05 1.128204E-08 1.128204E-08 1.128204E-08 3.333334E-01 3.333334E-01 3.333334E-01
6 1.261427E-05 1.288220E-08 1.288220E-08 1.288220E-08 3.333334E-01 3.333334E-01 3.333334E-01
7 1.005207E-05 1.833780E-08 1.833780E-08 1.833780E-08 3.333334E-01 3.333334E-01 3.333334E-01
8 7.699920E-06 3.000190E-08 3.000190E-08 3.000190E-08 3.333334E-01 3.333334E-01 3.333334E-01
9 4.946609E-06 4.008485E-08 4.008485E-08 4.008485E-08 3.333334E-01 3.333334E-01 3.333334E-01
10 2.702277E-06 5.126893E-08 5.126893E-08 5.126893E-08 3.333334E-01 3.333334E-01 3.333334E-01
11 1.009129E-06 4.672236E-08 4.672236E-08 4.672236E-08 3.333334E-01 3.333334E-01 3.333334E-01
12 1.446913E-07 5.708120E-09 5.708120E-09 5.708120E-09 3.333334E-01 3.333334E-01 3.333334E-01
##---
9 0.46 0.48  : i wavelength min & max
# iz ExtRayleigh absg(1) absg(2) absg(3) wkd(1) wkd(2) wkd(3)
1 2.100691E-05 2.182630E-08 2.182630E-08 2.182630E-08 3.333334E-01 3.333334E-01 3.333334E-01
2 1.897676E-05 2.327888E-08 2.327888E-08 2.327888E-08 3.333334E-01 3.333334E-01 3.333334E-01
3 1.710462E-05 2.412638E-08 2.412638E-08 2.412638E-08 3.333334E-01 3.333334E-01 3.333334E-01
4 1.538026E-05 2.497474E-08 2.497474E-08 2.497474E-08 3.333334E-01 3.333334E-01 3.333334E-01
5 1.311240E-05 2.805944E-08 2.805944E-08 2.805944E-08 3.333334E-01 3.333334E-01 3.333334E-01
6 1.054745E-05 3.203918E-08 3.203918E-08 3.203918E-08 3.333334E-01 3.333334E-01 3.333334E-01
7 8.405061E-06 4.560773E-08 4.560773E-08 4.560773E-08 3.333334E-01 3.333334E-01 3.333334E-01
8 6.438306E-06 7.461741E-08 7.461741E-08 7.461741E-08 3.333334E-01 3.333334E-01 3.333334E-01
9 4.136119E-06 9.969460E-08 9.969460E-08 9.969460E-08 3.333334E-01 3.333334E-01 3.333334E-01
10 2.259514E-06 1.275104E-07 1.275104E-07 1.275104E-07 3.333334E-01 3.333334E-01 3.333334E-01
11 8.437855E-07 1.162027E-07 1.162027E-07 1.162027E-07 3.333334E-01 3.333334E-01 3.333334E-01
12 1.209839E-07 1.419660E-08 1.419660E-08 1.419660E-08 3.333334E-01 3.333334E-01 3.333334E-01
##---
10 0.48 0.5  : i wavelength min & max
# iz ExtRayleigh absg(1) absg(2) absg(3) wkd(1) wkd(2) wkd(3)
1 1.770381E-05 4.864973E-08 4.864973E-08 4.864973E-08 3.333334E-01 3.333334E-01 3.333334E-01
2 1.599288E-05 5.188747E-08 5.188747E-08 5.188747E-08 3.333334E-01 3.333334E-01 3.333334E-01
3 1.441511E-05 5.377647E-08 5.377647E-08 5.377647E-08 3.333334E-01 3.333334E-01 3.333334E-01
4 1.296189E-05 5.566742E-08 5.566742E-08 5.566742E-08 3.333334E-01 3.333334E-01 3.333334E-01
5 1.105063E-05 6.254307E-08 6.254307E-08 6.254307E-08 3.333334E-01 3.333334E-01 3.333334E-01
6 8.888985E-06 7.141371E-08 7.141371E-08 7.141371E-08 3.333334E-01 3.333334E-01 3.333334E-01
7 7.083461E-06 1.016573E-07 1.016573E-07 1.016573E-07 3.333334E-01 3.333334E-01 3.333334E-01
8 5.425956E-06 1.663184E-07 1.663184E-07 1.663184E-07 3.333334E-01 3.333334E-01 3.333334E-01
9 3.485761E-06 2.222142E-07 2.222142E-07 2.222142E-07 3.333334E-01 3.333334E-01 3.333334E-01
10 1.904232E-06 2.842142E-07 2.842142E-07 2.842142E-07 3.333334E-01 3.333334E-01 3.333334E-01
11 7.111098E-07 2.590099E-07 2.590099E-07 2.590099E-07 3.333334E-01 3.333334E-01 3.333334E-01
12 1.019606E-07 3.164351E-08 3.164351E-08 3.164351E-08 3.333334E-01 3.333334E-01 3.333334E-01
##---
11 0.5 0.52  : i wavelength min & max
# iz ExtRayleigh absg(1) absg(2) absg(3) wkd(1) wkd(2) wkd(3)
1 1.502780E-05 9.359942E-08 9.359942E-08 9.359942E-08 3.333334E-01 3.333334E-01 3.333334E-01
2 1.357548E-05 9.982858E-08 9.982858E-08 9.982858E-08 3.333334E-01 3.333334E-01 3.333334E-01
3 1.223620E-05 1.034629E-07 1.034629E-07 1.034629E-07 3.333334E-01 3.333334E-01 3.333334E-01
4 1.100264E-05 1.071009E-07 1.071009E-07 1.071009E-07 3.333334E-01 3.333334E-01 3.333334E-01
5 9.380271E-06 1.203292E-07 1.203292E-07 1.203292E-07 3.333334E-01 3.333334E-01 3.333334E-01
6 7.545371E-06 1.373958E-07 1.373958E-07 1.373958E-07 3.333334E-01 3.333334E-01 3.333334E-01
7 6.012761E-06 1.955827E-07 1.955827E-07 1.955827E-07 3.333334E-01 3.333334E-01 3.333334E-01
8 4.605796E-06 3.199870E-07 3.199870E-07 3.199870E-07 3.333334E-01 3.333334E-01 3.333334E-01
9 2.958871E-06 4.275272E-07 4.275272E-07 4.275272E-07 3.333334E-01 3.333334E-01 3.333334E-01
10 1.616398E-06 5.468116E-07 5.468116E-07 5.468116E-07 3.333334E-01 3.333334E-01 3.333334E-01
11 6.036221E-07 4.983199E-07 4.983199E-07 4.983199E-07 3.333334E-01 3.333334E-01 3.333334E-01
12 8.654875E-08 6.088028E-08 6.088028E-08 6.088028E-08 3.333334E-01 3.333334E-01 3.333334E-01
##---
12 0.52 0.54  : i wavelength min & max
# iz ExtRayleigh absg(1) absg(2) absg(3) wkd(1) wkd(2) wkd(3)
1 1.284072E-05 1.476223E-07 1.476223E-07 1.476223E-07 3.333334E-01 3.333334E-01 3.333334E-01
2 1.159977E-05 1.574464E-07 1.574464E-07 1.574464E-07 3.333334E-01 3.333334E-01 3.333334E-01
3 1.045540E-05 1.631781E-07 1.631781E-07 1.631781E-07 3.333334E-01 3.333334E-01 3.333334E-01
4 9.401368E-06 1.689158E-07 1.689158E-07 1.689158E-07 3.333334E-01 3.333334E-01 3.333334E-01
5 8.015112E-06 1.897790E-07 1.897790E-07 1.897790E-07 3.333334E-01 3.333334E-01 3.333334E-01
6 6.447254E-06 2.166957E-07 2.166957E-07 2.166957E-07 3.333334E-01 3.333334E-01 3.333334E-01
7 5.137693E-06 3.084661E-07 3.084661E-07 3.084661E-07 3.333334E-01 3.333334E-01 3.333334E-01
8 3.935491E-06 5.046719E-07 5.046719E-07 5.046719E-07 3.333334E-01 3.333334E-01 3.333334E-01
9 2.528252E-06 6.742804E-07 6.742804E-07 6.742804E-07 3.333334E-01 3.333334E-01 3.333334E-01
10 1.381155E-06 8.624116E-07 8.624116E-07 8.624116E-07 3.333334E-01 3.333334E-01 3.333334E-01
11 5.157739E-07 7.859323E-07 7.859323E-07 7.859323E-07 3.333334E-01 3.333334E-01 3.333334E-01
12 7.395286E-08 9.601816E-08 9.601816E-08 9.601816E-08 3.333334E-01 3.333334E-01 3.333334E-01
##---
13 0.54 0.56  : i wavelength min & max
# iz ExtRayleigh absg(1) absg(2) absg(3) wkd(1) wkd(2) wkd(3)
1 1.103882E-05 2.044685E-07 2.044685E-07 2.044685E-07 3.333334E-01 3.333334E-01 3.333334E-01
2 9.972005E-06 2.180592E-07 2.180592E-07 2.180592E-07 3.333334E-01 3.333334E-01 3.333334E-01
3 8.988225E-06 2.259888E-07 2.259888E-07 2.259888E-07 3.333334E-01 3.333334E-01 3.333334E-01
4 8.082100E-06 2.339298E-07 2.339298E-07 2.339298E-07 3.333334E-01 3.333334E-01 3.333334E-01
5 6.890374E-06 2.628188E-07 2.628188E-07 2.628188E-07 3.333334E-01 3.333334E-01 3.333334E-01
6 5.542529E-06 3.000930E-07 3.000930E-07 3.000930E-07 3.333334E-01 3.333334E-01 3.333334E-01
7 4.416735E-06 4.271815E-07 4.271815E-07 4.271815E-07 3.333334E-01 3.333334E-01 3.333334E-01
8 3.383235E-06 6.988985E-07 6.988985E-07 6.988985E-07 3.333334E-01 3.333334E-01 3.333334E-01
9 2.173469E-06 9.337818E-07 9.337818E-07 9.337818E-07 3.333334E-01 3.333334E-01 3.333334E-01
10 1.187341E-06 1.194317E-06 1.194317E-06 1.194317E-06 3.333334E-01 3.333334E-01 3.333334E-01
11 4.433968E-07 1.088404E-06 1.088404E-06 1.088404E-06 3.333334E-01 3.333334E-01 3.333334E-01
12 6.357527E-08 1.329714E-07 1.329714E-07 1.329714E-07 3.333334E-01 3.333334E-01 3.333334E-01
##---
14 0.56 0.58  : i wavelength min & max
# iz ExtRayleigh absg(1) absg(2) absg(3) wkd(1) wkd(2) wkd(3)
1 9.543221E-06 9.828748E-06 1.157877E-06 4.432440E-07 8.654901E-02 3.228980E-01 5.905530E-01
2 8.620943E-06 6.310027E-06 8.472570E-07 3.970285E-07 8.654901E-02 3.228979E-01 5.905531E-01
3 7.770452E-06 4.079848E-06 6.498872E-07 3.671979E-07 8.654901E-02 3.228979E-01 5.905531E-01
4 6.987093E-06 2.547540E-06 5.175113E-07 3.502011E-07 8.654901E-02 3.228979E-01 5.905532E-01
5 5.956828E-06 1.326090E-06 4.393974E-07 3.663180E-07 8.654901E-02 3.228980E-01 5.905532E-01
6 4.791597E-06 6.462613E-07 4.216353E-07 4.031222E-07 8.654901E-02 3.228980E-01 5.905530E-01
7 3.818331E-06 6.106680E-07 5.717228E-07 5.685130E-07 8.654901E-02 3.228980E-01 5.905531E-01
8 2.924855E-06 9.319215E-07 9.292045E-07 9.289802E-07 8.654901E-02 3.228979E-01 5.905532E-01
9 1.878995E-06 1.241412E-06 1.241148E-06 1.241126E-06 8.654901E-02 3.228980E-01 5.905532E-01
10 1.026474E-06 1.587498E-06 1.587416E-06 1.587409E-06 8.654901E-02 3.228980E-01 5.905531E-01
11 3.833229E-07 1.446652E-06 1.446637E-06 1.446635E-06 8.654901E-02 3.228979E-01 5.905532E-01
12 5.496174E-08 1.767374E-07 1.767370E-07 1.767369E-07 8.654901E-02 3.228980E-01 5.905531E-01
##---
15 0.58 0.6  : i wavelength min & max
# iz ExtRayleigh absg(1) absg(2) absg(3) wkd(1) wkd(2) wkd(3)
1 8.293313E-06 7.142306E-05 6.853787E-06 1.532141E-06 8.654901E-02 3.228980E-01 5.905531E-01
2 7.491829E-06 4.511187E-05 4.432323E-06 1.079612E-06 8.654901E-02 3.228980E-01 5.905530E-01
3 6.752729E-06 2.844130E-05 2.899460E-06 7.943626E-07 8.654901E-02 3.228980E-01 5.905531E-01
4 6.071970E-06 1.696582E-05 1.848837E-06 6.029309E-07 8.654901E-02 3.228980E-01 5.905531E-01
5 5.176642E-06 7.625301E-06 1.022373E-06 4.781755E-07 8.654901E-02 3.228980E-01 5.905531E-01
6 4.164026E-06 2.245224E-06 5.725047E-07 4.346432E-07 8.654901E-02 3.228980E-01 5.905531E-01
7 3.318232E-06 8.934070E-07 6.033937E-07 5.794914E-07 8.654901E-02 3.228980E-01 5.905532E-01
8 2.541777E-06 9.615497E-07 9.413153E-07 9.396475E-07 8.654901E-02 3.228980E-01 5.905532E-01
9 1.632897E-06 1.257104E-06 1.255142E-06 1.254979E-06 8.654901E-02 3.228980E-01 5.905531E-01
10 8.920332E-07 1.605765E-06 1.605148E-06 1.605097E-06 8.654901E-02 3.228980E-01 5.905531E-01
11 3.331178E-07 1.462875E-06 1.462758E-06 1.462748E-06 8.654901E-02 3.228980E-01 5.905531E-01
12 4.776322E-08 1.787090E-07 1.787056E-07 1.787052E-07 8.654901E-02 3.228980E-01 5.905531E-01
##---
16 0.6 0.62  : i wavelength min & max
# iz ExtRayleigh absg(1) absg(2) absg(3) wkd(1) wkd(2) wkd(3)
1 7.242079E-06 7.845787E-07 3.842188E-07 3.150347E-07 1.790931E-01 3.268113E-01 4.940957E-01
2 6.542189E-06 6.144381E-07 3.662222E-07 3.242839E-07 1.790931E-01 3.268113E-01 4.940957E-01
3 5.896774E-06 5.057606E-07 3.539689E-07 3.293023E-07 1.790931E-01 3.268113E-01 4.940957E-01
4 5.302306E-06 4.342925E-07 3.490518E-07 3.363401E-07 1.790931E-01 3.268113E-01 4.940957E-01
5 4.520468E-06 4.061410E-07 3.763159E-07 3.738039E-07 1.790931E-01 3.268113E-01 4.940957E-01
6 3.636207E-06 4.175441E-07 4.207773E-07 4.245694E-07 1.790931E-01 3.268113E-01 4.940957E-01
7 2.897623E-06 5.779139E-07 5.958146E-07 6.035900E-07 1.790931E-01 3.268113E-01 4.940957E-01
8 2.219590E-06 9.419328E-07 9.741101E-07 9.873477E-07 1.790931E-01 3.268113E-01 4.940957E-01
9 1.425916E-06 1.258297E-06 1.301448E-06 1.319164E-06 1.790931E-01 3.268113E-01 4.940957E-01
10 7.789619E-07 1.609360E-06 1.664563E-06 1.687223E-06 1.790931E-01 3.268113E-01 4.940957E-01
11 2.908929E-07 1.466638E-06 1.516947E-06 1.537599E-06 1.790931E-01 3.268113E-01 4.940957E-01
12 4.170890E-08 1.791806E-07 1.853270E-07 1.878500E-07 1.790931E-01 3.268113E-01 4.940957E-01
##---
17 0.62 0.64  : i wavelength min & max
# iz ExtRayleigh absg(1) absg(2) absg(3) wkd(1) wkd(2) wkd(3)
1 6.352701E-06 3.941611E-06 6.690818E-07 3.174595E-07 1.281568E-01 3.297819E-01 5.420612E-01
2 5.738762E-06 2.684937E-06 5.269486E-07 2.981845E-07 1.290008E-01 3.300568E-01 5.409423E-01
3 5.172609E-06 1.869615E-06 4.350331E-07 2.852772E-07 1.299305E-01 3.303595E-01 5.397099E-01
4 4.651146E-06 1.301216E-06 3.739628E-07 2.791729E-07 1.311720E-01 3.307638E-01 5.380642E-01
5 3.965322E-06 8.375479E-07 3.470949E-07 2.985736E-07 1.334163E-01 3.314946E-01 5.350891E-01
6 3.189655E-06 5.624162E-07 3.521507E-07 3.320317E-07 1.381254E-01 3.330280E-01 5.288466E-01
7 2.541775E-06 5.848822E-07 4.799040E-07 4.686165E-07 1.447156E-01 3.351740E-01 5.201104E-01
8 1.947009E-06 8.402585E-07 7.751216E-07 7.651260E-07 1.529347E-01 3.378503E-01 5.092151E-01
9 1.250804E-06 1.074378E-06 1.031634E-06 1.021967E-06 1.566037E-01 3.390450E-01 5.043513E-01
10 6.832999E-07 1.354707E-06 1.317845E-06 1.306863E-06 1.565767E-01 3.390362E-01 5.043871E-01
11 2.551692E-07 1.230136E-06 1.200612E-06 1.190817E-06 1.557266E-01 3.387594E-01 5.055140E-01
12 3.658676E-08 1.502846E-07 1.466803E-07 1.454666E-07 1.542769E-01 3.382873E-01 5.074358E-01
##---
18 0.64 0.66  : i wavelength min & max
# iz ExtRayleigh absg(1) absg(2) absg(3) wkd(1) wkd(2) wkd(3)
1 5.596095E-06 4.308566E-05 4.153768E-06 9.450957E-07 9.134100E-02 3.275260E-01 5.811329E-01
2 5.055276E-06 2.709400E-05 2.670979E-06 6.580928E-07 9.134101E-02 3.275260E-01 5.811329E-01
3 4.556553E-06 1.700524E-05 1.736583E-06 4.781774E-07 9.134101E-02 3.275260E-01 5.811329E-01
4 4.097195E-06 1.009660E-05 1.099508E-06 3.579903E-07 9.134100E-02 3.275260E-01 5.811329E-01
5 3.493053E-06 4.500615E-06 6.000708E-07 2.785974E-07 9.134101E-02 3.275260E-01 5.811329E-01
6 2.809768E-06 1.306957E-06 3.302050E-07 2.497035E-07 9.134101E-02 3.275260E-01 5.811329E-01
7 2.239050E-06 5.126250E-07 3.454649E-07 3.316881E-07 9.134101E-02 3.275260E-01 5.811329E-01
8 1.715120E-06 5.501665E-07 5.385805E-07 5.376257E-07 9.134101E-02 3.275260E-01 5.811329E-01
9 1.101833E-06 7.192531E-07 7.181284E-07 7.180358E-07 9.134101E-02 3.275260E-01 5.811329E-01
10 6.019189E-07 9.187373E-07 9.183838E-07 9.183548E-07 9.134101E-02 3.275260E-01 5.811329E-01
11 2.247786E-07 8.369827E-07 8.369151E-07 8.369098E-07 9.134101E-02 3.275260E-01 5.811329E-01
12 3.222928E-08 1.022482E-07 1.022462E-07 1.022460E-07 9.134100E-02 3.275260E-01 5.811329E-01
##---
19 0.66 0.68  : i wavelength min & max
# iz ExtRayleigh absg(1) absg(2) absg(3) wkd(1) wkd(2) wkd(3)
1 4.949116E-06 8.997955E-07 1.913368E-07 1.272152E-07 1.051817E-01 3.364442E-01 5.583740E-01
2 4.470823E-06 6.102284E-07 1.665246E-07 1.267546E-07 1.051817E-01 3.364442E-01 5.583740E-01
3 4.029757E-06 4.272838E-07 1.506194E-07 1.262142E-07 1.051817E-01 3.364442E-01 5.583740E-01
4 3.623508E-06 3.032914E-07 1.410813E-07 1.272174E-07 1.051817E-01 3.364442E-01 5.583740E-01
5 3.089212E-06 2.140643E-07 1.450425E-07 1.398623E-07 1.051817E-01 3.364442E-01 5.583740E-01
6 2.484923E-06 1.735074E-07 1.581097E-07 1.580190E-07 1.051817E-01 3.364442E-01 5.583740E-01
7 1.980187E-06 2.220525E-07 2.224417E-07 2.243620E-07 1.051817E-01 3.364443E-01 5.583740E-01
8 1.516831E-06 3.579570E-07 3.633694E-07 3.669500E-07 1.051817E-01 3.364442E-01 5.583740E-01
9 9.744474E-07 4.779657E-07 4.854588E-07 4.902668E-07 1.051817E-01 3.364442E-01 5.583740E-01
10 5.323295E-07 6.113009E-07 6.209045E-07 6.270558E-07 1.051817E-01 3.364442E-01 5.583740E-01
11 1.987913E-07 5.570852E-07 5.658417E-07 5.714479E-07 1.051817E-01 3.364442E-01 5.583740E-01
12 2.850317E-08 6.805954E-08 6.912946E-08 6.981439E-08 1.051817E-01 3.364442E-01 5.583740E-01
##---
20 0.68 0.7  : i wavelength min & max
# iz ExtRayleigh absg(1) absg(2) absg(3) wkd(1) wkd(2) wkd(3)
1 4.393200E-06 8.282964E-05 7.603699E-06 1.523936E-06 1.438103E-01 3.533580E-01 5.028317E-01
2 3.968632E-06 5.770264E-05 5.209218E-06 1.042433E-06 1.441384E-01 3.533786E-01 5.024830E-01
3 3.577109E-06 4.078765E-05 3.625718E-06 7.298564E-07 1.444614E-01 3.533989E-01 5.021397E-01
4 3.216492E-06 2.862612E-05 2.504401E-06 5.126506E-07 1.448453E-01 3.534230E-01 5.017317E-01
5 2.742212E-06 1.735240E-05 1.501007E-06 3.297250E-07 1.454482E-01 3.534608E-01 5.010909E-01
6 2.205801E-06 9.226523E-06 8.123042E-07 2.142423E-07 1.464478E-01 3.535236E-01 5.000286E-01
7 1.757760E-06 5.251059E-06 5.298340E-07 2.005199E-07 1.477483E-01 3.536052E-01 4.986465E-01
8 1.346450E-06 3.059973E-06 4.453359E-07 2.613959E-07 1.506596E-01 3.537880E-01 4.955525E-01
9 8.649913E-07 1.456950E-06 3.935845E-07 3.179223E-07 1.531161E-01 3.539422E-01 4.929416E-01
10 4.725349E-07 7.445689E-07 4.159530E-07 3.928723E-07 1.532398E-01 3.539499E-01 4.928102E-01
11 1.764618E-07 3.988019E-07 3.571664E-07 3.545446E-07 1.528406E-01 3.539249E-01 4.932346E-01
12 2.530151E-08 4.384744E-08 4.325400E-08 4.324960E-08 1.523684E-01 3.538952E-01 4.937364E-01
##---
21 0.7 0.8  : i wavelength min & max
# iz ExtRayleigh absg(1) absg(2) absg(3) wkd(1) wkd(2) wkd(3)
1 3.163159E-06 2.892998E-04 2.506274E-05 4.599010E-06 1.450399E-01 3.543366E-01 5.006235E-01
2 2.857465E-06 2.100124E-04 1.779679E-05 3.199939E-06 1.450761E-01 3.543334E-01 5.005904E-01
3 2.575564E-06 1.544525E-04 1.282118E-05 2.262807E-06 1.451117E-01 3.543302E-01 5.005580E-01
4 2.315915E-06 1.132810E-04 9.197300E-06 1.592107E-06 1.451534E-01 3.543264E-01 5.005201E-01
5 1.974428E-06 7.284373E-05 5.750472E-06 9.751233E-07 1.452191E-01 3.543203E-01 5.004606E-01
6 1.588204E-06 4.144961E-05 3.179183E-06 5.337857E-07 1.453335E-01 3.543096E-01 5.003569E-01
7 1.265610E-06 2.431295E-05 1.856009E-06 3.277659E-07 1.454533E-01 3.542982E-01 5.002485E-01
8 9.694614E-07 1.395571E-05 1.101724E-06 2.323251E-07 1.455511E-01 3.542889E-01 5.001600E-01
9 6.228047E-07 5.844393E-06 5.211482E-07 1.626127E-07 1.456454E-01 3.542799E-01 5.000747E-01
10 3.402311E-07 1.897818E-06 2.522931E-07 1.436425E-07 1.456510E-01 3.542793E-01 5.000696E-01
11 1.270548E-07 3.324905E-07 1.261450E-07 1.147824E-07 1.456303E-01 3.542813E-01 5.000883E-01
12 1.821741E-08 1.626992E-08 1.360242E-08 1.374156E-08 1.456060E-01 3.542836E-01 5.001103E-01
##---
22 0.8 0.9  : i wavelength min & max
# iz ExtRayleigh absg(1) absg(2) absg(3) wkd(1) wkd(2) wkd(3)
1 1.904696E-06 1.099582E-04 1.042942E-05 2.288270E-06 1.628235E-01 3.566828E-01 4.804940E-01
2 1.720623E-06 6.709461E-05 6.361838E-06 1.390707E-06 1.628235E-01 3.566828E-01 4.804940E-01
3 1.550876E-06 4.078332E-05 3.866463E-06 8.426469E-07 1.628235E-01 3.566828E-01 4.804940E-01
4 1.394528E-06 2.335299E-05 2.213701E-06 4.809932E-07 1.628235E-01 3.566828E-01 4.804940E-01
5 1.188901E-06 9.678147E-06 9.177117E-07 1.988495E-07 1.628235E-01 3.566828E-01 4.804940E-01
6 9.563373E-07 2.273605E-06 2.158200E-07 4.669178E-08 1.628235E-01 3.566828E-01 4.804940E-01
7 7.620868E-07 3.634565E-07 3.456675E-08 7.488862E-09 1.628235E-01 3.566828E-01 4.804940E-01
8 5.837612E-07 2.370933E-08 2.255316E-09 4.864998E-10 1.628235E-01 3.566828E-01 4.804940E-01
9 3.750219E-07 2.132401E-09 2.023244E-10 4.295015E-11 1.628235E-01 3.566828E-01 4.804940E-01
10 2.048702E-07 6.060055E-10 5.732623E-11 1.192766E-11 1.628235E-01 3.566828E-01 4.804940E-01
11 7.650602E-08 9.817828E-11 9.238078E-12 1.855699E-12 1.628235E-01 3.566828E-01 4.804940E-01
12 1.096961E-08 2.186405E-12 2.038824E-13 3.846286E-14 1.628235E-01 3.566828E-01 4.804940E-01
##---
23 0.9 1  : i wavelength min & max
# iz ExtRayleigh absg(1) absg(2) absg(3) wkd(1) wkd(2) wkd(3)
1 1.215100E-06 2.154164E-03 2.050252E-04 4.438184E-05 1.793600E-01 3.548641E-01 4.657762E-01
2 1.097671E-06 1.301794E-03 1.238610E-04 2.677858E-05 1.793600E-01 3.548641E-01 4.657763E-01
3 9.893809E-07 7.834999E-04 7.453492E-05 1.610372E-05 1.793600E-01 3.548641E-01 4.657762E-01
4 8.896389E-07 4.440938E-04 4.224055E-05 9.120777E-06 1.793600E-01 3.548641E-01 4.657762E-01
5 7.584594E-07 1.810451E-04 1.722459E-05 3.722898E-06 1.793600E-01 3.548641E-01 4.657762E-01
6 6.100951E-07 4.151944E-05 3.953984E-06 8.579318E-07 1.793600E-01 3.548641E-01 4.657762E-01
7 4.861730E-07 6.463448E-06 6.166804E-07 1.348042E-07 1.793600E-01 3.548641E-01 4.657762E-01
8 3.724103E-07 4.123462E-07 3.934793E-08 8.606317E-09 1.793600E-01 3.548641E-01 4.657762E-01
9 2.392451E-07 3.616240E-08 3.441020E-09 7.442026E-10 1.793600E-01 3.548641E-01 4.657761E-01
10 1.306969E-07 9.931288E-09 9.416562E-10 2.007526E-10 1.793600E-01 3.548641E-01 4.657762E-01
11 4.880699E-08 1.521124E-09 1.432452E-10 2.968377E-11 1.793600E-01 3.548641E-01 4.657761E-01
12 6.998060E-09 3.062542E-11 2.845089E-12 5.555008E-13 1.793600E-01 3.548641E-01 4.657761E-01
##---
24 1 1.1  : i wavelength min & max
# iz ExtRayleigh absg(1) absg(2) absg(3) wkd(1) wkd(2) wkd(3)
1 8.115285E-07 7.612360E-05 6.824418E-06 1.462785E-06 1.661467E-01 3.448412E-01 4.890121E-01
2 7.331007E-07 4.659752E-05 4.148973E-06 8.797108E-07 1.649051E-01 3.441415E-01 4.909534E-01
3 6.607772E-07 2.840818E-05 2.513161E-06 5.277484E-07 1.636915E-01 3.434587E-01 4.928498E-01
4 5.941627E-07 1.633114E-05 1.434385E-06 2.981038E-07 1.623093E-01 3.426829E-01 4.950078E-01
5 5.065519E-07 6.810622E-06 5.920080E-07 1.214400E-07 1.601622E-01 3.414832E-01 4.983546E-01
6 4.074639E-07 1.621079E-06 1.387855E-07 2.800629E-08 1.566535E-01 3.395494E-01 5.037971E-01
7 3.247001E-07 2.649855E-07 2.247049E-08 4.490811E-09 1.527271E-01 3.374418E-01 5.098311E-01
8 2.487214E-07 1.932711E-08 1.753234E-09 3.566058E-10 1.487447E-01 3.354123E-01 5.158431E-01
9 1.597845E-07 2.479463E-09 2.820264E-10 6.145411E-11 1.470992E-01 3.346433E-01 5.182575E-01
10 8.728844E-08 7.680641E-10 9.270460E-11 2.047724E-11 1.465121E-01 3.343047E-01 5.191833E-01
11 3.259670E-08 1.246597E-10 1.555801E-11 3.445735E-12 1.456944E-01 3.337874E-01 5.205181E-01
12 4.673792E-09 3.077484E-12 4.206073E-13 9.462061E-14 1.440130E-01 3.327504E-01 5.232366E-01
##---
25 1.1 1.2  : i wavelength min & max
# iz ExtRayleigh absg(1) absg(2) absg(3) wkd(1) wkd(2) wkd(3)
1 5.625853E-07 5.579229E-03 5.347233E-04 1.189672E-04 1.841479E-01 3.534289E-01 4.624231E-01
2 5.082159E-07 3.390406E-03 3.247237E-04 7.205753E-05 1.841479E-01 3.534289E-01 4.624231E-01
3 4.580782E-07 2.052103E-03 1.964444E-04 4.350549E-05 1.841479E-01 3.534289E-01 4.624231E-01
4 4.118982E-07 1.169870E-03 1.119338E-04 2.474117E-05 1.841479E-01 3.534289E-01 4.624231E-01
5 3.511628E-07 4.814096E-04 4.604910E-05 1.016771E-05 1.841479E-01 3.534289E-01 4.624231E-01
6 2.824709E-07 1.119347E-04 1.070979E-05 2.367077E-06 1.841479E-01 3.534289E-01 4.624231E-01
7 2.250956E-07 1.769007E-05 1.694446E-06 3.761252E-07 1.841479E-01 3.534289E-01 4.624231E-01
8 1.724240E-07 1.141157E-06 1.092502E-07 2.420294E-08 1.841479E-01 3.534289E-01 4.624231E-01
9 1.107692E-07 1.010568E-07 9.640636E-09 2.106337E-09 1.841479E-01 3.534289E-01 4.624231E-01
10 6.051197E-08 2.811553E-08 2.670407E-09 5.732808E-10 1.841479E-01 3.534289E-01 4.624231E-01
11 2.259739E-08 4.389229E-09 4.135969E-10 8.593492E-11 1.841479E-01 3.534289E-01 4.624231E-01
12 3.240067E-09 9.084005E-11 8.435487E-12 1.643901E-12 1.841479E-01 3.534289E-01 4.624231E-01
##---
26 1.2 1.3  : i wavelength min & max
# iz ExtRayleigh absg(1) absg(2) absg(3) wkd(1) wkd(2) wkd(3)
1 4.022627E-07 7.460851E-05 7.674189E-06 2.175697E-06 1.837319E-01 3.510191E-01 4.652490E-01
2 3.633872E-07 4.654235E-05 4.758992E-06 1.324760E-06 1.825183E-01 3.506177E-01 4.668640E-01
3 3.275375E-07 2.920720E-05 2.968934E-06 8.098951E-07 1.810267E-01 3.500479E-01 4.689254E-01
4 2.945177E-07 1.768425E-05 1.784156E-06 4.730362E-07 1.788499E-01 3.491234E-01 4.720266E-01
5 2.510903E-07 8.417324E-06 8.386519E-07 2.105517E-07 1.741572E-01 3.469291E-01 4.789137E-01
6 2.019738E-07 3.114041E-06 3.011585E-07 6.623146E-08 1.621080E-01 3.408630E-01 4.970290E-01
7 1.609491E-07 1.420906E-06 1.294927E-07 2.358682E-08 1.427087E-01 3.308564E-01 5.264350E-01
8 1.232875E-07 8.326942E-07 6.834282E-08 1.062139E-08 1.202928E-01 3.195050E-01 5.602023E-01
9 7.920281E-08 3.701245E-07 2.955537E-08 4.494148E-09 1.127236E-01 3.157165E-01 5.715599E-01
10 4.326759E-08 1.198740E-07 9.826250E-09 1.528283E-09 1.115784E-01 3.151131E-01 5.733084E-01
11 1.615770E-08 1.676815E-08 1.457176E-09 2.369074E-10 1.106560E-01 3.145904E-01 5.747536E-01
12 2.316729E-09 3.463506E-10 3.416287E-11 6.013870E-12 1.087772E-01 3.135363E-01 5.776866E-01
##---
27 1.3 1.4  : i wavelength min & max
# iz ExtRayleigh absg(1) absg(2) absg(3) wkd(1) wkd(2) wkd(3)
1 2.952320E-07 1.393088E-01 1.308136E-02 2.678468E-03 1.961803E-01 3.486024E-01 4.552171E-01
2 2.667002E-07 8.273244E-02 7.772499E-03 1.594879E-03 1.961736E-01 3.485992E-01 4.552270E-01
3 2.403891E-07 4.892324E-02 4.598966E-03 9.462034E-04 1.961639E-01 3.485946E-01 4.552414E-01
4 2.161549E-07 2.723645E-02 2.561878E-03 5.285420E-04 1.961474E-01 3.485867E-01 4.552658E-01
5 1.842823E-07 1.077916E-02 1.015274E-03 2.107751E-04 1.961013E-01 3.485646E-01 4.553339E-01
6 1.482343E-07 2.365743E-03 2.233043E-04 4.688088E-05 1.958952E-01 3.484659E-01 4.556388E-01
7 1.181251E-07 3.522364E-04 3.325936E-05 7.068752E-06 1.948703E-01 3.479751E-01 4.571545E-01
8 9.048424E-08 2.262036E-05 2.082630E-06 4.316418E-07 1.876703E-01 3.445269E-01 4.678027E-01
9 5.812919E-08 2.076170E-06 1.831061E-07 3.596452E-08 1.767792E-01 3.393114E-01 4.839093E-01
10 3.175532E-08 5.663391E-07 4.939952E-08 9.520159E-09 1.743469E-01 3.381466E-01 4.875064E-01
11 1.185860E-08 8.553091E-08 7.384800E-09 1.383394E-09 1.730044E-01 3.375035E-01 4.894921E-01
12 1.700314E-09 1.757313E-09 1.482709E-10 2.593633E-11 1.698559E-01 3.359954E-01 4.941486E-01
##---
28 1.4 1.5  : i wavelength min & max
# iz ExtRayleigh absg(1) absg(2) absg(3) wkd(1) wkd(2) wkd(3)
1 2.215675E-07 3.277518E-02 3.110021E-03 6.651442E-04 1.961539E-01 3.486102E-01 4.552359E-01
2 2.001548E-07 1.946771E-02 1.848229E-03 3.961204E-04 1.961381E-01 3.486102E-01 4.552516E-01
3 1.804087E-07 1.151476E-02 1.093949E-03 2.351276E-04 1.961163E-01 3.486103E-01 4.552733E-01
4 1.622212E-07 6.412911E-03 6.097002E-04 1.314427E-04 1.960802E-01 3.486105E-01 4.553092E-01
5 1.383013E-07 2.540505E-03 2.419557E-04 5.253452E-05 1.959856E-01 3.486108E-01 4.554034E-01
6 1.112478E-07 5.597974E-04 5.348285E-05 1.176302E-05 1.956000E-01 3.486126E-01 4.557873E-01
7 8.865123E-08 8.482498E-05 8.137509E-06 1.814668E-06 1.939963E-01 3.486196E-01 4.573840E-01
8 6.790716E-08 6.367270E-06 6.297744E-07 1.357147E-07 1.864469E-01 3.486527E-01 4.649004E-01
9 4.362515E-08 9.781630E-07 1.071241E-07 2.127150E-08 1.778459E-01 3.486904E-01 4.734637E-01
10 2.383192E-08 3.110698E-07 3.468162E-08 6.761197E-09 1.760620E-01 3.486983E-01 4.752397E-01
11 8.899712E-09 5.059925E-08 5.673505E-09 1.089375E-09 1.752330E-01 3.487018E-01 4.760651E-01
12 1.276062E-09 1.373277E-09 1.567359E-10 2.914693E-11 1.724133E-01 3.487142E-01 4.788724E-01
##---
29 1.5 1.6  : i wavelength min & max
# iz ExtRayleigh absg(1) absg(2) absg(3) wkd(1) wkd(2) wkd(3)
1 1.695231E-07 1.361881E-04 1.415244E-05 4.950161E-06 1.742626E-01 3.487062E-01 4.770312E-01
2 1.531400E-07 8.319316E-05 8.623519E-06 3.002075E-06 1.724670E-01 3.487140E-01 4.788190E-01
3 1.380322E-07 5.094388E-05 5.272872E-06 1.821870E-06 1.706056E-01 3.487222E-01 4.806722E-01
4 1.241168E-07 2.986994E-05 3.088686E-06 1.050423E-06 1.683808E-01 3.487320E-01 4.828874E-01
5 1.058155E-07 1.328600E-05 1.379911E-06 4.513238E-07 1.648612E-01 3.487473E-01 4.863914E-01
6 8.511660E-08 4.179261E-06 4.434814E-07 1.270471E-07 1.592801E-01 3.487718E-01 4.919480E-01
7 6.782778E-08 1.517294E-06 1.655338E-07 3.705657E-08 1.533313E-01 3.487979E-01 4.978708E-01
8 5.195632E-08 7.582673E-07 8.110504E-08 1.463864E-08 1.454163E-01 3.488327E-01 5.057511E-01
9 3.337796E-08 3.543907E-07 3.681935E-08 6.402792E-09 1.407398E-01 3.488531E-01 5.104070E-01
10 1.823400E-08 1.279804E-07 1.323586E-08 2.294436E-09 1.400731E-01 3.488561E-01 5.110708E-01
11 6.809243E-09 2.189106E-08 2.259235E-09 3.909986E-10 1.397801E-01 3.488573E-01 5.113626E-01
12 9.763252E-10 6.806787E-10 6.977829E-11 1.202998E-11 1.388312E-01 3.488615E-01 5.123073E-01
##---
30 1.6 1.7  : i wavelength min & max
# iz ExtRayleigh absg(1) absg(2) absg(3) wkd(1) wkd(2) wkd(3)
1 1.319084E-07 1.515797E-05 4.570480E-06 3.590663E-06 1.690121E-01 3.483545E-01 4.826333E-01
2 1.191605E-07 1.036221E-05 2.912053E-06 2.206266E-06 1.666085E-01 3.484775E-01 4.849140E-01
3 1.074048E-07 7.243436E-06 1.874654E-06 1.355626E-06 1.641968E-01 3.486212E-01 4.871820E-01
4 9.657707E-08 5.075779E-06 1.175403E-06 7.915469E-07 1.613884E-01 3.488163E-01 4.897953E-01
5 8.233653E-08 3.119888E-06 5.986903E-07 3.470662E-07 1.569372E-01 3.491929E-01 4.938699E-01
6 6.623046E-08 1.748373E-06 2.486082E-07 1.006002E-07 1.495860E-01 3.500156E-01 5.003985E-01
7 5.277779E-08 1.059840E-06 1.191083E-07 2.999848E-08 1.419903E-01 3.511394E-01 5.068703E-01
8 4.042797E-08 6.536880E-07 6.544634E-08 1.194808E-08 1.364539E-01 3.521356E-01 5.114105E-01
9 2.597188E-08 3.048102E-07 3.000267E-08 5.248914E-09 1.351804E-01 3.523268E-01 5.124928E-01
10 1.418814E-08 1.093842E-07 1.074737E-08 1.874160E-09 1.348359E-01 3.522549E-01 5.129093E-01
11 5.298371E-09 1.859428E-08 1.822800E-09 3.169911E-10 1.342719E-01 3.520673E-01 5.136608E-01
12 7.596928E-10 5.745130E-10 5.590125E-11 9.655127E-12 1.328907E-01 3.516102E-01 5.154991E-01
##---
31 1.7 1.8  : i wavelength min & max
# iz ExtRayleigh absg(1) absg(2) absg(3) wkd(1) wkd(2) wkd(3)
1 1.041758E-07 1.429224E-03 1.489944E-04 4.348102E-05 1.984997E-01 3.474980E-01 4.540023E-01
2 9.410799E-08 8.361954E-04 8.726904E-05 2.554444E-05 1.984996E-01 3.474980E-01 4.540024E-01
3 8.482385E-08 4.870976E-04 5.093706E-05 1.498987E-05 1.984995E-01 3.474981E-01 4.540026E-01
4 7.627254E-08 2.670433E-04 2.798687E-05 8.284501E-06 1.984992E-01 3.474982E-01 4.540028E-01
5 6.502597E-08 1.030141E-04 1.086275E-05 3.267930E-06 1.984984E-01 3.474984E-01 4.540033E-01
6 5.230606E-08 2.173457E-05 2.321107E-06 7.211411E-07 1.984952E-01 3.474991E-01 4.540058E-01
7 4.168169E-08 3.086108E-06 3.360180E-07 1.093896E-07 1.984794E-01 3.475027E-01 4.540179E-01
8 3.192832E-08 1.864133E-07 2.047984E-08 6.818386E-09 1.983199E-01 3.475395E-01 4.541406E-01
9 2.051150E-08 1.602234E-08 1.746921E-09 5.745634E-10 1.978867E-01 3.476394E-01 4.544739E-01
10 1.120520E-08 4.271526E-09 4.625451E-10 1.498180E-10 1.978413E-01 3.476498E-01 4.545089E-01
11 4.184432E-09 6.392496E-10 6.789568E-11 2.096170E-11 1.979331E-01 3.476287E-01 4.544383E-01
12 5.999737E-10 1.342070E-11 1.352694E-12 3.604893E-13 1.980878E-01 3.475930E-01 4.543192E-01
##---
32 1.8 1.9  : i wavelength min & max
# iz ExtRayleigh absg(1) absg(2) absg(3) wkd(1) wkd(2) wkd(3)
1 8.336589E-08 2.866114E-01 2.690076E-02 5.496038E-03 1.984998E-01 3.474980E-01 4.540023E-01
2 7.530924E-08 1.676858E-01 1.575665E-02 3.235017E-03 1.984996E-01 3.474980E-01 4.540024E-01
3 6.787967E-08 9.767032E-02 9.189556E-03 1.897190E-03 1.984995E-01 3.474980E-01 4.540024E-01
4 6.103654E-08 5.354010E-02 5.044378E-03 1.047481E-03 1.984993E-01 3.474980E-01 4.540026E-01
5 5.203656E-08 2.064471E-02 1.950535E-03 4.098100E-04 1.984986E-01 3.474981E-01 4.540032E-01
6 4.185754E-08 4.351587E-03 4.132482E-04 8.866168E-05 1.984961E-01 3.474983E-01 4.540055E-01
7 3.335547E-08 6.169363E-04 5.900205E-05 1.301951E-05 1.984840E-01 3.474994E-01 4.540165E-01
8 2.555041E-08 3.726672E-05 3.575863E-06 7.997310E-07 1.983480E-01 3.475117E-01 4.541402E-01
9 1.641418E-08 3.221680E-06 3.082692E-07 6.834954E-08 1.977681E-01 3.475640E-01 4.546679E-01
10 8.966880E-09 8.613094E-07 8.220791E-08 1.805645E-08 1.975902E-01 3.475801E-01 4.548296E-01
11 3.348561E-09 1.292393E-07 1.225207E-08 2.619462E-09 1.975591E-01 3.475829E-01 4.548579E-01
12 4.801246E-10 2.736009E-09 2.548289E-10 5.054915E-11 1.973443E-01 3.476023E-01 4.550533E-01
##---
33 1.9 2  : i wavelength min & max
# iz ExtRayleigh absg(1) absg(2) absg(3) wkd(1) wkd(2) wkd(3)
1 6.750405E-08 7.740405E-02 7.127833E-03 1.474545E-03 1.937433E-01 3.479223E-01 4.583344E-01
2 6.098032E-08 4.561075E-02 4.181101E-03 8.674157E-04 1.925911E-01 3.480243E-01 4.593844E-01
3 5.496436E-08 2.679635E-02 2.443551E-03 5.085806E-04 1.912461E-01 3.481430E-01 4.606107E-01
4 4.942326E-08 1.487085E-02 1.346003E-03 2.808667E-04 1.894103E-01 3.483046E-01 4.622851E-01
5 4.213568E-08 5.882279E-03 5.253532E-04 1.102113E-04 1.859260E-01 3.486092E-01 4.654647E-01
6 3.389340E-08 1.327320E-03 1.157521E-04 2.438901E-05 1.787181E-01 3.492270E-01 4.720548E-01
7 2.700900E-08 2.255377E-04 1.963337E-05 4.078098E-06 1.694060E-01 3.499810E-01 4.806129E-01
8 2.068899E-08 3.394060E-05 3.332219E-06 6.190508E-07 1.604095E-01 3.506775E-01 4.889130E-01
9 1.329109E-08 1.093562E-05 1.143255E-06 2.011099E-07 1.575354E-01 3.509341E-01 4.915304E-01
10 7.260772E-09 3.638104E-06 3.818034E-07 6.688406E-08 1.572908E-01 3.510060E-01 4.917032E-01
11 2.711438E-09 5.651056E-07 5.932788E-08 1.037277E-08 1.573374E-01 3.510983E-01 4.915642E-01
12 3.887724E-10 1.486976E-08 1.564616E-09 2.719174E-10 1.571621E-01 3.512027E-01 4.916352E-01
##---
34 2 2.1  : i wavelength min & max
# iz ExtRayleigh absg(1) absg(2) absg(3) wkd(1) wkd(2) wkd(3)
1 5.524279E-08 1.320268E-03 1.323296E-04 2.915453E-05 1.468635E-01 3.521394E-01 5.009971E-01
2 4.990401E-08 1.030075E-03 1.012699E-04 2.114902E-05 1.440722E-01 3.523856E-01 5.035420E-01
3 4.498077E-08 8.066319E-04 7.797329E-05 1.555909E-05 1.417075E-01 3.525924E-01 5.057001E-01
4 4.044615E-08 6.310617E-04 5.997556E-05 1.144428E-05 1.394358E-01 3.527890E-01 5.077751E-01
5 3.448226E-08 4.355773E-04 4.056191E-05 7.351883E-06 1.367812E-01 3.530152E-01 5.102037E-01
6 2.773709E-08 2.626065E-04 2.395508E-05 4.128876E-06 1.342267E-01 3.532255E-01 5.125478E-01
7 2.210315E-08 1.543796E-04 1.394000E-05 2.344196E-06 1.330310E-01 3.533152E-01 5.136538E-01
8 1.693110E-08 8.963970E-05 8.067453E-06 1.345201E-06 1.326680E-01 3.533407E-01 5.139912E-01
9 1.087693E-08 3.980838E-05 3.581639E-06 5.967296E-07 1.326398E-01 3.533493E-01 5.140108E-01
10 5.941944E-09 1.350055E-05 1.214741E-06 2.023975E-07 1.326546E-01 3.533660E-01 5.139795E-01
11 2.218939E-09 2.103410E-06 1.892850E-07 3.154394E-08 1.326858E-01 3.533972E-01 5.139169E-01
12 3.181568E-10 5.615872E-08 5.054274E-09 8.423910E-10 1.327134E-01 3.534261E-01 5.138604E-01
##---
35 2.1 2.2  : i wavelength min & max
# iz ExtRayleigh absg(1) absg(2) absg(3) wkd(1) wkd(2) wkd(3)
1 4.564404E-08 6.986024E-05 1.347892E-05 8.838086E-06 1.868808E-01 3.436553E-01 4.694639E-01
2 4.123291E-08 4.258571E-05 8.200313E-06 5.364282E-06 1.834455E-01 3.424647E-01 4.740898E-01
3 3.716511E-08 2.613327E-05 4.998352E-06 3.248579E-06 1.793410E-01 3.410342E-01 4.796247E-01
4 3.341840E-08 1.547314E-05 2.906379E-06 1.858253E-06 1.738134E-01 3.391305E-01 4.870561E-01
5 2.849077E-08 7.083408E-06 1.273445E-06 7.792513E-07 1.637122E-01 3.357646E-01 5.005231E-01
6 2.291762E-08 2.459430E-06 3.835374E-07 1.980995E-07 1.440864E-01 3.296551E-01 5.262585E-01
7 1.826261E-08 1.050854E-06 1.288609E-07 4.391908E-08 1.223960E-01 3.236457E-01 5.539581E-01
8 1.398922E-08 5.669042E-07 5.707711E-08 1.144734E-08 1.088666E-01 3.211960E-01 5.699373E-01
9 8.987004E-09 2.412363E-07 2.346523E-08 4.250116E-09 1.074251E-01 3.217264E-01 5.708484E-01
10 4.909497E-09 7.278447E-08 6.991649E-09 1.251314E-09 1.094934E-01 3.238816E-01 5.666249E-01
11 1.833386E-09 8.659558E-09 8.085849E-10 1.416540E-10 1.156442E-01 3.299623E-01 5.543934E-01
12 2.628752E-10 1.476903E-10 1.346347E-11 2.279985E-12 1.278952E-01 3.423969E-01 5.297079E-01
##---
36 2.2 2.3  : i wavelength min & max
# iz ExtRayleigh absg(1) absg(2) absg(3) wkd(1) wkd(2) wkd(3)
1 3.804299E-08 6.310261E-05 1.394898E-05 9.823863E-06 1.577622E-01 3.476746E-01 4.945634E-01
2 3.436644E-08 4.664794E-05 9.203602E-06 6.027229E-06 1.561289E-01 3.477743E-01 4.960968E-01
3 3.097605E-08 3.516549E-05 6.194661E-06 3.718200E-06 1.546195E-01 3.478692E-01 4.975113E-01
4 2.785328E-08 2.665914E-05 4.133779E-06 2.198585E-06 1.530283E-01 3.480087E-01 4.989629E-01
5 2.374624E-08 1.797995E-05 2.350253E-06 1.006249E-06 1.508305E-01 3.483099E-01 5.008597E-01
6 1.910117E-08 1.087535E-05 1.166164E-06 3.382719E-07 1.477080E-01 3.487307E-01 5.035613E-01
7 1.522136E-08 6.637751E-06 6.376111E-07 1.313311E-07 1.451281E-01 3.488471E-01 5.060247E-01
8 1.165961E-08 3.899247E-06 3.602504E-07 6.311546E-08 1.440229E-01 3.488555E-01 5.071215E-01
9 7.490408E-09 1.649710E-06 1.517133E-07 2.608245E-08 1.440965E-01 3.490141E-01 5.068893E-01
10 4.091925E-09 4.913963E-07 4.507253E-08 7.721347E-09 1.448220E-01 3.496210E-01 5.055570E-01
11 1.528074E-09 5.613285E-08 5.116719E-09 8.703130E-10 1.470215E-01 3.514461E-01 5.015324E-01
12 2.190989E-10 7.172815E-10 6.490963E-11 1.094003E-11 1.506890E-01 3.544830E-01 4.948280E-01
##---
37 2.3 2.4  : i wavelength min & max
# iz ExtRayleigh absg(1) absg(2) absg(3) wkd(1) wkd(2) wkd(3)
1 3.196075E-08 5.385758E-04 6.132528E-05 2.383931E-05 1.825075E-01 3.511275E-01 4.663649E-01
2 2.887200E-08 3.383298E-04 3.768818E-05 1.409828E-05 1.799072E-01 3.517204E-01 4.683723E-01
3 2.602365E-08 2.156685E-04 2.351969E-05 8.416576E-06 1.772654E-01 3.523238E-01 4.704108E-01
4 2.340014E-08 1.350496E-04 1.435806E-05 4.818404E-06 1.742341E-01 3.530166E-01 4.727492E-01
5 1.994973E-08 6.929569E-05 7.109605E-06 2.121142E-06 1.696867E-01 3.540566E-01 4.762567E-01
6 1.604731E-08 3.022128E-05 2.936751E-06 6.930690E-07 1.630350E-01 3.555813E-01 4.813837E-01
7 1.278779E-08 1.548314E-05 1.434032E-06 2.708616E-07 1.573753E-01 3.568856E-01 4.857391E-01
8 9.795496E-09 8.633458E-06 7.797562E-07 1.319729E-07 1.546829E-01 3.575156E-01 4.878015E-01
9 6.292856E-09 3.639753E-06 3.277927E-07 5.479701E-08 1.544260E-01 3.575972E-01 4.879768E-01
10 3.437715E-09 1.093029E-06 9.842981E-08 1.644743E-08 1.544596E-01 3.576117E-01 4.879287E-01
11 1.283769E-09 1.283211E-07 1.155688E-08 1.931822E-09 1.544902E-01 3.576156E-01 4.878940E-01
12 1.840698E-10 1.711745E-09 1.541815E-10 2.577684E-11 1.545194E-01 3.576082E-01 4.878724E-01
##---
38 2.4 2.5  : i wavelength min & max
# iz ExtRayleigh absg(1) absg(2) absg(3) wkd(1) wkd(2) wkd(3)
1 2.704716E-08 8.318787E-03 8.475588E-04 2.319490E-04 1.984466E-01 3.475100E-01 4.540432E-01
2 2.443327E-08 4.863946E-03 4.945425E-04 1.345501E-04 1.984254E-01 3.475149E-01 4.540597E-01
3 2.202283E-08 2.831683E-03 2.876036E-04 7.802665E-05 1.983958E-01 3.475215E-01 4.540825E-01
4 1.980265E-08 1.551723E-03 1.574122E-04 4.257664E-05 1.983470E-01 3.475326E-01 4.541203E-01
5 1.688270E-08 5.986266E-04 6.077454E-05 1.650198E-05 1.982212E-01 3.475611E-01 4.542176E-01
6 1.358023E-08 1.267438E-04 1.290949E-05 3.558079E-06 1.977516E-01 3.476672E-01 4.545811E-01
7 1.082182E-08 1.831445E-05 1.877025E-06 5.329842E-07 1.963071E-01 3.479900E-01 4.557028E-01
8 8.289555E-09 1.265369E-06 1.299283E-07 3.562961E-08 1.924066E-01 3.487794E-01 4.588138E-01
9 5.325404E-09 1.639281E-07 1.721851E-08 4.068514E-09 1.889199E-01 3.491277E-01 4.619523E-01
10 2.909208E-09 4.585531E-08 4.822093E-09 1.113370E-09 1.884953E-01 3.491156E-01 4.623892E-01
11 1.086405E-09 6.120538E-09 6.358569E-10 1.468918E-10 1.888796E-01 3.490657E-01 4.620547E-01
12 1.557712E-10 1.065675E-10 1.070689E-11 2.357674E-12 1.894463E-01 3.489353E-01 4.616183E-01
##---
39 2.5 2.6  : i wavelength min & max
# iz ExtRayleigh absg(1) absg(2) absg(3) wkd(1) wkd(2) wkd(3)
1 2.304278E-08 1.242454E+00 1.171069E-01 2.435852E-02 1.984998E-01 3.474979E-01 4.540023E-01
2 2.081587E-08 7.265728E-01 6.856650E-02 1.433520E-02 1.984996E-01 3.474979E-01 4.540024E-01
3 1.876230E-08 4.229905E-01 3.997396E-02 8.406630E-03 1.984995E-01 3.474978E-01 4.540026E-01
4 1.687082E-08 2.317535E-01 2.193447E-02 4.641674E-03 1.984993E-01 3.474977E-01 4.540029E-01
5 1.438318E-08 8.931842E-02 8.479685E-03 1.817135E-03 1.984986E-01 3.474975E-01 4.540038E-01
6 1.156965E-08 1.882381E-02 1.797163E-03 3.938577E-04 1.984958E-01 3.474964E-01 4.540076E-01
7 9.219629E-09 2.669043E-03 2.568106E-04 5.799336E-05 1.984817E-01 3.474911E-01 4.540272E-01
8 7.062268E-09 1.607215E-04 1.553327E-05 3.562967E-06 1.983195E-01 3.474291E-01 4.542513E-01
9 4.536967E-09 1.374667E-05 1.328713E-06 3.034846E-07 1.976241E-01 3.471657E-01 4.552102E-01
10 2.478493E-09 3.625832E-06 3.497777E-07 7.935194E-08 1.975301E-01 3.471427E-01 4.553271E-01
11 9.255601E-10 5.306151E-07 5.079717E-08 1.123969E-08 1.977746E-01 3.472617E-01 4.549636E-01
12 1.327090E-10 1.063106E-08 9.980099E-10 2.048496E-10 1.979833E-01 3.473704E-01 4.546463E-01
##---
40 2.6 2.7  : i wavelength min & max
# iz ExtRayleigh absg(1) absg(2) absg(3) wkd(1) wkd(2) wkd(3)
1 1.975293E-08 4.180597E+00 3.878178E-01 7.548939E-02 1.972114E-01 3.475333E-01 4.552552E-01
2 1.784396E-08 2.458531E+00 2.281978E-01 4.455952E-02 1.967755E-01 3.475452E-01 4.556793E-01
3 1.608358E-08 1.442110E+00 1.339467E-01 2.624327E-02 1.962098E-01 3.475606E-01 4.562296E-01
4 1.446216E-08 7.997633E-01 7.434454E-02 1.460790E-02 1.953439E-01 3.475842E-01 4.570718E-01
5 1.232967E-08 3.175635E-01 2.960279E-02 5.845624E-03 1.934254E-01 3.476363E-01 4.589382E-01
6 9.917833E-09 7.437319E-02 7.049469E-03 1.395093E-03 1.884946E-01 3.477687E-01 4.637366E-01
7 7.903330E-09 1.502173E-02 1.543422E-03 3.005363E-04 1.812441E-01 3.479487E-01 4.708071E-01
8 6.053979E-09 3.910055E-03 4.687390E-04 8.654399E-05 1.727802E-01 3.479570E-01 4.792628E-01
9 3.889218E-09 1.634797E-03 1.983419E-04 3.571382E-05 1.668550E-01 3.472287E-01 4.859164E-01
10 2.124635E-09 5.831998E-04 7.064937E-05 1.268567E-05 1.660638E-01 3.471361E-01 4.868000E-01
11 7.934167E-10 1.002395E-04 1.218253E-05 2.191256E-06 1.665360E-01 3.474102E-01 4.860538E-01
12 1.137619E-10 3.359270E-06 4.094297E-07 7.367547E-08 1.666523E-01 3.476492E-01 4.856985E-01
##---
41 2.7 2.8  : i wavelength min & max
# iz ExtRayleigh absg(1) absg(2) absg(3) wkd(1) wkd(2) wkd(3)
1 1.702991E-08 1.990408E+00 1.864322E-01 3.792746E-02 1.954059E-01 3.475837E-01 4.570104E-01
2 1.538410E-08 1.180605E+00 1.106133E-01 2.255287E-02 1.943495E-01 3.476129E-01 4.580376E-01
3 1.386639E-08 7.005192E-01 6.565006E-02 1.341126E-02 1.929711E-01 3.476510E-01 4.593778E-01
4 1.246849E-08 3.957195E-01 3.708395E-02 7.576128E-03 1.908446E-01 3.477099E-01 4.614455E-01
5 1.062998E-08 1.643522E-01 1.540838E-02 3.140055E-03 1.860558E-01 3.478424E-01 4.661017E-01
6 8.550620E-09 4.471350E-02 4.213218E-03 8.379390E-04 1.731876E-01 3.481987E-01 4.786137E-01
7 6.813824E-09 1.303849E-02 1.250066E-03 2.322805E-04 1.523246E-01 3.487760E-01 4.988993E-01
8 5.219413E-09 5.681286E-03 5.270951E-04 8.977687E-05 1.298455E-01 3.493982E-01 5.207563E-01
9 3.353073E-09 2.590228E-03 2.348458E-04 3.931458E-05 1.246322E-01 3.495425E-01 5.258253E-01
10 1.831746E-09 9.273339E-04 8.392198E-05 1.403220E-05 1.242634E-01 3.495529E-01 5.261837E-01
11 6.840409E-10 1.604208E-04 1.450573E-05 2.423852E-06 1.241051E-01 3.495575E-01 5.263374E-01
12 9.807940E-11 5.424266E-06 4.895464E-07 8.169307E-08 1.237400E-01 3.495677E-01 5.266922E-01
##---
42 2.8 2.9  : i wavelength min & max
# iz ExtRayleigh absg(1) absg(2) absg(3) wkd(1) wkd(2) wkd(3)
1 1.476043E-08 2.126510E-01 2.015923E-02 4.255509E-03 1.971995E-01 3.472593E-01 4.555413E-01
2 1.333395E-08 1.252402E-01 1.188810E-02 2.515191E-03 1.966946E-01 3.471541E-01 4.561512E-01
3 1.201850E-08 7.362559E-02 6.999979E-03 1.484843E-03 1.959971E-01 3.470034E-01 4.569994E-01
4 1.080689E-08 4.099264E-02 3.904739E-03 8.293710E-04 1.948533E-01 3.467509E-01 4.583958E-01
5 9.213386E-09 1.646430E-02 1.574544E-03 3.346975E-04 1.919703E-01 3.460960E-01 4.619336E-01
6 7.411131E-09 4.070548E-03 3.916878E-04 8.142259E-05 1.814884E-01 3.435240E-01 4.749876E-01
7 5.905787E-09 1.018305E-03 9.639594E-05 1.791512E-05 1.517746E-01 3.352201E-01 5.130053E-01
8 4.523854E-09 4.150267E-04 3.443842E-05 5.160845E-06 1.060213E-01 3.216214E-01 5.723574E-01
9 2.906230E-09 1.887227E-04 1.488342E-05 2.129153E-06 9.690490E-02 3.193845E-01 5.837107E-01
10 1.587640E-09 6.587381E-05 5.214603E-06 7.469035E-07 9.815834E-02 3.210694E-01 5.807723E-01
11 5.928830E-10 1.066141E-05 8.672728E-07 1.269124E-07 1.035467E-01 3.265403E-01 5.699130E-01
12 8.500894E-11 3.167805E-07 2.762006E-08 4.347886E-09 1.161504E-01 3.396864E-01 5.441632E-01
##---
43 2.9 3  : i wavelength min & max
# iz ExtRayleigh absg(1) absg(2) absg(3) wkd(1) wkd(2) wkd(3)
1 1.285679E-08 2.052458E-02 1.986357E-03 4.642014E-04 1.950936E-01 3.492854E-01 4.556210E-01
2 1.161428E-08 1.193158E-02 1.156105E-03 2.713959E-04 1.950104E-01 3.492445E-01 4.557450E-01
3 1.046848E-08 6.906850E-03 6.703444E-04 1.583349E-04 1.948902E-01 3.491852E-01 4.559247E-01
4 9.413131E-09 3.764665E-03 3.660247E-04 8.701820E-05 1.946860E-01 3.490843E-01 4.562297E-01
5 8.025141E-09 1.440805E-03 1.406677E-04 3.394562E-05 1.941378E-01 3.488126E-01 4.570495E-01
6 6.455322E-09 3.039819E-04 2.989435E-05 7.397463E-06 1.917541E-01 3.476251E-01 4.606209E-01
7 5.144121E-09 4.616876E-05 4.567534E-06 1.147743E-06 1.806130E-01 3.420188E-01 4.773682E-01
8 3.940415E-09 5.166799E-06 5.129010E-07 1.125380E-07 1.261235E-01 3.143257E-01 5.595507E-01
9 2.531415E-09 1.355821E-06 1.339081E-07 2.498104E-08 8.485001E-02 2.932963E-01 6.218537E-01
10 1.382883E-09 3.848117E-07 3.774842E-08 6.965515E-09 8.549830E-02 2.946699E-01 6.198317E-01
11 5.164192E-10 4.119690E-08 4.042428E-09 7.576519E-10 1.009587E-01 3.059629E-01 5.930784E-01
12 7.404539E-11 6.565308E-10 6.465227E-11 1.185273E-11 1.325940E-01 3.308133E-01 5.365927E-01
##---
44 3 3.1  : i wavelength min & max
# iz ExtRayleigh absg(1) absg(2) absg(3) wkd(1) wkd(2) wkd(3)
1 1.125043E-08 2.320923E-02 2.195233E-03 4.633441E-04 1.945267E-01 3.498060E-01 4.556673E-01
2 1.016316E-08 1.344424E-02 1.273543E-03 2.704917E-04 1.945211E-01 3.498041E-01 4.556748E-01
3 9.160524E-09 7.752216E-03 7.356454E-04 1.573795E-04 1.945131E-01 3.498013E-01 4.556855E-01
4 8.237028E-09 4.206234E-03 3.998935E-04 8.620257E-05 1.944995E-01 3.497967E-01 4.557038E-01
5 7.022458E-09 1.595174E-03 1.522419E-04 3.333215E-05 1.944630E-01 3.497841E-01 4.557529E-01
6 5.648775E-09 3.283284E-04 3.155423E-05 7.102973E-06 1.943026E-01 3.497277E-01 4.559696E-01
7 4.501401E-09 4.556986E-05 4.418276E-06 1.031352E-06 1.934922E-01 3.494333E-01 4.570743E-01
8 3.448089E-09 2.863068E-06 2.767329E-07 6.472091E-08 1.867855E-01 3.470758E-01 4.661387E-01
9 2.215133E-09 2.886516E-07 2.852082E-08 6.442074E-09 1.753081E-01 3.436298E-01 4.810621E-01
10 1.210102E-09 7.957473E-08 7.903837E-09 1.761486E-09 1.730424E-01 3.430624E-01 4.838952E-01
11 4.518964E-10 1.198038E-08 1.180402E-09 2.572643E-10 1.710646E-01 3.422295E-01 4.867060E-01
12 6.479396E-11 2.765640E-10 2.754840E-11 5.678119E-12 1.673119E-01 3.416907E-01 4.909974E-01
##---
45 3.1 3.2  : i wavelength min & max
# iz ExtRayleigh absg(1) absg(2) absg(3) wkd(1) wkd(2) wkd(3)
1 9.887322E-09 1.262214E-02 1.225163E-03 2.875383E-04 1.940796E-01 3.498807E-01 4.560397E-01
2 8.931790E-09 7.327969E-03 7.126055E-04 1.687499E-04 1.938897E-01 3.499045E-01 4.562058E-01
3 8.050631E-09 4.238660E-03 4.129604E-04 9.875158E-05 1.936253E-01 3.499347E-01 4.564399E-01
4 7.239027E-09 2.311625E-03 2.255181E-04 5.444825E-05 1.931926E-01 3.499791E-01 4.568282E-01
5 6.171614E-09 8.885361E-04 8.684499E-05 2.134275E-05 1.920853E-01 3.500520E-01 4.578627E-01
6 4.964368E-09 1.926701E-04 1.878877E-05 4.715880E-06 1.883567E-01 3.500827E-01 4.615605E-01
7 3.956009E-09 3.282925E-05 3.173351E-06 7.782872E-07 1.783680E-01 3.482682E-01 4.733638E-01
8 3.030317E-09 6.318861E-06 5.972993E-07 1.120245E-07 1.479709E-01 3.323034E-01 5.197257E-01
9 1.946747E-09 2.958383E-06 2.558085E-07 3.975278E-08 1.063641E-01 2.991538E-01 5.944821E-01
10 1.063486E-09 1.503172E-06 1.281973E-07 2.035238E-08 7.263381E-02 2.663366E-01 6.610295E-01
11 3.971445E-10 5.508093E-07 5.000759E-08 8.342551E-09 4.290451E-02 2.367921E-01 7.203034E-01
12 5.694350E-11 2.612101E-08 2.425657E-09 4.072903E-10 3.274224E-02 2.267506E-01 7.405071E-01
##---
46 3.2 3.3  : i wavelength min & max
# iz ExtRayleigh absg(1) absg(2) absg(3) wkd(1) wkd(2) wkd(3)
1 8.724576E-09 2.116390E-02 2.008057E-03 4.321859E-04 1.936132E-01 3.499425E-01 4.564442E-01
2 7.881414E-09 1.234339E-02 1.172325E-03 2.540035E-04 1.932230E-01 3.499825E-01 4.567944E-01
3 7.103879E-09 7.186191E-03 6.830627E-04 1.490074E-04 1.926747E-01 3.500308E-01 4.572945E-01
4 6.387720E-09 3.962169E-03 3.766081E-04 8.261807E-05 1.917692E-01 3.500957E-01 4.581350E-01
5 5.445834E-09 1.568133E-03 1.488325E-04 3.289306E-05 1.893996E-01 3.501534E-01 4.604470E-01
6 4.380560E-09 3.813068E-04 3.578680E-05 7.811369E-06 1.812872E-01 3.498324E-01 4.688803E-01
7 3.490784E-09 9.428390E-05 8.643035E-06 1.714729E-06 1.621112E-01 3.459509E-01 4.919379E-01
8 2.673953E-09 3.587922E-05 3.241254E-06 5.550198E-07 1.365649E-01 3.347712E-01 5.286640E-01
9 1.717810E-09 1.692917E-05 1.589218E-06 2.808886E-07 1.194598E-01 3.194166E-01 5.611237E-01
10 9.384199E-10 7.319012E-06 8.019576E-07 1.594028E-07 9.887707E-02 2.975854E-01 6.035375E-01
11 3.504404E-10 2.507024E-06 3.337388E-07 6.725377E-08 6.629184E-02 2.628534E-01 6.708547E-01
12 5.024696E-11 1.466486E-07 1.748475E-08 3.190389E-09 4.282055E-02 2.378655E-01 7.193138E-01
##---
47 3.3 3.4  : i wavelength min & max
# iz ExtRayleigh absg(1) absg(2) absg(3) wkd(1) wkd(2) wkd(3)
1 7.727859E-09 5.654993E-03 5.484506E-04 1.311853E-04 1.895066E-01 3.507414E-01 4.597519E-01
2 6.981023E-09 3.402819E-03 3.295244E-04 7.881311E-05 1.878962E-01 3.510196E-01 4.610842E-01
3 6.292316E-09 2.064838E-03 1.995583E-04 4.759300E-05 1.859281E-01 3.513481E-01 4.627238E-01
4 5.657972E-09 1.213316E-03 1.168528E-04 2.757827E-05 1.832034E-01 3.517818E-01 4.650148E-01
5 4.823689E-09 5.550110E-04 5.313173E-05 1.218237E-05 1.779424E-01 3.524927E-01 4.695648E-01
6 3.880114E-09 1.994334E-04 1.880871E-05 3.922154E-06 1.674443E-01 3.534153E-01 4.791404E-01
7 3.091988E-09 8.958428E-05 8.244761E-06 1.507203E-06 1.551561E-01 3.522298E-01 4.926141E-01
8 2.368474E-09 5.018582E-05 4.550971E-06 7.737726E-07 1.438138E-01 3.455828E-01 5.106034E-01
9 1.521563E-09 2.395526E-05 2.197199E-06 3.775502E-07 1.300267E-01 3.313838E-01 5.385894E-01
10 8.312126E-10 1.007925E-05 9.805769E-07 1.775813E-07 1.034176E-01 3.029351E-01 5.936473E-01
11 3.104053E-10 3.076660E-06 3.415748E-07 6.362244E-08 6.363572E-02 2.603745E-01 6.759897E-01
12 4.450663E-11 1.536871E-07 1.649230E-08 2.914225E-09 4.089231E-02 2.360410E-01 7.230667E-01
##---
48 3.4 3.5  : i wavelength min & max
# iz ExtRayleigh absg(1) absg(2) absg(3) wkd(1) wkd(2) wkd(3)
1 6.869514E-09 4.999450E-04 5.736362E-05 2.093906E-05 1.789909E-01 3.528343E-01 4.681747E-01
2 6.205630E-09 3.348293E-04 3.758724E-05 1.311346E-05 1.756343E-01 3.534846E-01 4.708811E-01
3 5.593418E-09 2.300670E-04 2.518636E-05 8.308057E-06 1.722061E-01 3.541477E-01 4.736462E-01
4 5.029532E-09 1.587574E-04 1.682367E-05 5.123842E-06 1.684038E-01 3.548816E-01 4.767146E-01
5 4.287915E-09 9.528616E-05 9.616103E-06 2.549977E-06 1.632626E-01 3.558659E-01 4.808714E-01
6 3.449144E-09 5.128115E-05 4.858382E-06 1.029625E-06 1.577687E-01 3.568984E-01 4.853329E-01
7 2.748557E-09 2.948292E-05 2.692962E-06 4.842715E-07 1.550996E-01 3.573240E-01 4.875765E-01
8 2.105404E-09 1.701256E-05 1.534313E-06 2.582119E-07 1.541528E-01 3.572481E-01 4.885990E-01
9 1.352561E-09 7.261463E-06 6.545245E-07 1.095437E-07 1.531569E-01 3.563572E-01 4.904859E-01
10 7.388886E-10 2.275799E-06 2.057244E-07 3.461236E-08 1.486496E-01 3.521183E-01 4.992320E-01
11 2.759281E-10 3.480737E-07 3.205883E-08 5.527739E-09 1.244185E-01 3.298836E-01 5.456979E-01
12 3.956321E-11 7.705917E-09 7.479050E-10 1.341006E-10 9.341270E-02 3.011527E-01 6.054346E-01
##---
49 3.5 3.6  : i wavelength min & max
# iz ExtRayleigh absg(1) absg(2) absg(3) wkd(1) wkd(2) wkd(3)
1 6.127115E-09 7.246786E-04 7.620095E-05 2.272205E-05 1.880128E-01 3.488223E-01 4.631650E-01
2 5.534978E-09 4.393853E-04 4.619421E-05 1.375902E-05 1.855532E-01 3.483409E-01 4.661059E-01
3 4.988929E-09 2.694816E-04 2.826825E-05 8.361729E-06 1.823525E-01 3.476597E-01 4.699878E-01
4 4.485983E-09 1.610366E-04 1.677797E-05 4.864617E-06 1.776708E-01 3.465872E-01 4.757419E-01
5 3.824514E-09 7.648989E-05 7.835937E-06 2.157080E-06 1.681647E-01 3.439713E-01 4.878640E-01
6 3.076390E-09 2.987130E-05 2.931121E-06 6.925815E-07 1.495426E-01 3.372327E-01 5.132247E-01
7 2.451516E-09 1.462207E-05 1.381049E-06 2.717906E-07 1.307166E-01 3.237242E-01 5.455592E-01
8 1.877870E-09 8.660366E-06 8.214184E-07 1.553322E-07 1.150104E-01 2.997584E-01 5.852312E-01
9 1.206388E-09 4.232476E-06 4.328118E-07 9.643684E-08 9.865297E-02 2.658248E-01 6.355222E-01
10 6.590358E-10 1.560965E-06 2.183488E-07 7.031228E-08 8.045716E-02 2.274929E-01 6.920500E-01
11 2.461081E-10 2.244829E-07 9.305734E-08 4.302870E-08 6.820974E-02 2.024598E-01 7.293304E-01
12 3.528756E-11 4.197502E-09 6.433461E-09 3.155154E-09 6.271181E-02 1.922896E-01 7.449986E-01
##---
50 3.6 3.7  : i wavelength min & max
# iz ExtRayleigh absg(1) absg(2) absg(3) wkd(1) wkd(2) wkd(3)
1 5.482364E-09 6.230422E-04 6.698600E-05 2.127874E-05 1.923284E-01 3.497425E-01 4.579291E-01
2 4.952536E-09 3.667574E-04 3.958773E-05 1.271847E-05 1.914184E-01 3.496352E-01 4.589464E-01
3 4.463948E-09 2.162249E-04 2.340854E-05 7.590019E-06 1.901677E-01 3.494454E-01 4.603869E-01
4 4.013926E-09 1.216134E-04 1.317067E-05 4.286124E-06 1.881864E-01 3.490776E-01 4.627361E-01
5 3.422063E-09 5.054164E-05 5.459030E-06 1.771555E-06 1.834089E-01 3.477386E-01 4.688525E-01
6 2.752664E-09 1.430477E-05 1.512403E-06 4.610604E-07 1.703509E-01 3.425852E-01 4.870639E-01
7 2.193545E-09 4.819448E-06 4.893859E-07 1.254130E-07 1.476137E-01 3.270150E-01 5.253712E-01
8 1.680263E-09 2.464189E-06 2.466866E-07 5.710601E-08 1.208421E-01 2.960482E-01 5.831097E-01
9 1.079440E-09 1.250762E-06 1.397961E-07 3.827385E-08 9.756943E-02 2.552649E-01 6.471657E-01
10 5.896860E-10 5.210589E-07 8.775305E-08 3.055796E-08 7.115802E-02 2.066551E-01 7.221869E-01
11 2.202103E-10 1.145276E-07 5.522836E-08 1.855035E-08 4.150094E-02 1.526435E-01 8.058556E-01
12 3.157427E-11 4.869482E-09 5.208161E-09 1.299008E-09 1.940820E-02 1.126630E-01 8.679289E-01
##---
51 3.7 3.8  : i wavelength min & max
# iz ExtRayleigh absg(1) absg(2) absg(3) wkd(1) wkd(2) wkd(3)
1 4.920241E-09 3.746306E-04 4.536134E-05 1.823884E-05 1.932047E-01 3.500516E-01 4.567437E-01
2 4.444738E-09 2.200750E-04 2.697682E-05 1.107400E-05 1.926789E-01 3.501473E-01 4.571738E-01
3 4.006246E-09 1.293430E-04 1.606250E-05 6.735347E-06 1.919598E-01 3.502784E-01 4.577618E-01
4 3.602367E-09 7.235786E-05 9.113481E-06 3.907784E-06 1.908088E-01 3.504884E-01 4.587027E-01
5 3.071189E-09 2.965923E-05 3.840943E-06 1.716836E-06 1.880305E-01 3.509957E-01 4.609737E-01
6 2.470425E-09 8.059168E-06 1.101506E-06 5.288031E-07 1.797381E-01 3.525119E-01 4.677499E-01
7 1.968635E-09 2.479541E-06 3.600793E-07 1.850837E-07 1.655280E-01 3.551187E-01 4.793534E-01
8 1.507981E-09 1.076938E-06 1.584724E-07 8.279289E-08 1.548775E-01 3.570696E-01 4.880529E-01
9 9.687622E-10 4.431662E-07 6.400640E-08 3.278928E-08 1.533690E-01 3.572986E-01 4.893324E-01
10 5.292237E-10 1.345238E-07 1.930095E-08 9.812213E-09 1.530943E-01 3.571997E-01 4.897060E-01
11 1.976316E-10 1.635346E-08 2.338173E-09 1.181969E-09 1.523970E-01 3.565681E-01 4.910349E-01
12 2.833687E-11 2.509786E-10 3.509311E-11 1.709795E-11 1.495444E-01 3.534613E-01 4.969943E-01
##---
52 3.8 3.9  : i wavelength min & max
# iz ExtRayleigh absg(1) absg(2) absg(3) wkd(1) wkd(2) wkd(3)
1 4.428359E-09 2.670881E-04 3.987821E-05 1.902119E-05 1.294074E-01 3.149386E-01 5.556540E-01
2 4.000392E-09 1.787256E-04 2.740790E-05 1.266337E-05 1.247763E-01 3.126726E-01 5.625511E-01
3 3.605737E-09 1.222463E-04 1.927246E-05 8.580788E-06 1.204953E-01 3.106715E-01 5.688332E-01
4 3.242234E-09 8.367871E-05 1.356585E-05 5.757958E-06 1.159157E-01 3.086720E-01 5.754123E-01
5 2.764158E-09 4.925496E-05 8.244027E-06 3.274154E-06 1.093444E-01 3.061714E-01 5.844842E-01
6 2.223454E-09 2.646486E-05 4.433167E-06 1.610742E-06 9.915990E-02 3.032653E-01 5.975748E-01
7 1.771827E-09 1.601521E-05 2.546195E-06 8.707478E-07 8.965800E-02 3.015579E-01 6.087840E-01
8 1.357226E-09 9.648503E-06 1.467621E-06 4.856695E-07 8.493207E-02 3.010269E-01 6.140410E-01
9 8.719139E-10 4.122632E-06 6.190802E-07 2.007422E-07 8.441762E-02 3.010794E-01 6.145030E-01
10 4.763166E-10 1.171272E-06 1.764295E-07 5.827188E-08 8.496330E-02 3.017666E-01 6.132700E-01
11 1.778741E-10 1.117983E-07 1.718425E-08 6.199316E-09 8.703036E-02 3.040509E-01 6.089187E-01
12 2.550400E-11 1.084581E-09 1.679813E-10 7.232568E-11 9.201578E-02 3.097813E-01 5.982028E-01
##---
53 3.9 4  : i wavelength min & max
# iz ExtRayleigh absg(1) absg(2) absg(3) wkd(1) wkd(2) wkd(3)
1 3.996441E-09 1.261616E-04 3.426172E-05 2.436278E-05 8.021322E-02 2.929748E-01 6.268119E-01
2 3.610216E-09 9.941947E-05 2.534069E-05 1.734213E-05 7.690883E-02 2.914027E-01 6.316885E-01
3 3.254053E-09 7.890452E-05 1.902720E-05 1.255554E-05 7.445046E-02 2.902632E-01 6.352863E-01
4 2.926004E-09 6.247528E-05 1.429445E-05 9.083557E-06 7.246525E-02 2.893855E-01 6.381493E-01
5 2.494558E-09 4.333574E-05 9.434474E-06 5.761531E-06 7.067293E-02 2.886533E-01 6.406738E-01
6 2.006590E-09 2.637912E-05 5.516586E-06 3.251812E-06 6.929798E-02 2.880752E-01 6.426268E-01
7 1.599013E-09 1.604640E-05 3.290375E-06 1.907026E-06 6.855293E-02 2.876123E-01 6.438348E-01
8 1.224850E-09 9.422258E-06 1.900698E-06 1.086448E-06 6.832043E-02 2.874335E-01 6.442460E-01
9 7.868722E-10 3.983878E-06 7.874280E-07 4.415105E-07 6.859808E-02 2.876437E-01 6.437582E-01
10 4.298593E-10 1.125705E-06 2.289015E-07 1.305367E-07 7.017748E-02 2.891189E-01 6.407035E-01
11 1.605252E-10 1.075451E-07 2.455499E-08 1.508743E-08 7.521770E-02 2.940321E-01 6.307502E-01
12 2.301648E-11 1.125388E-09 2.975335E-10 2.043898E-10 8.508123E-02 3.022768E-01 6.126420E-01
