##---
1 0.3 0.32  : i wavelength min & max
# iz ExtRayleigh absg(1) absg(2) absg(3) wkd(1) wkd(2) wkd(3)
1 1.263671E-04 9.273531E-06 9.273531E-06 9.273531E-06 3.333333E-01 3.333333E-01 3.333333E-01
2 1.127598E-04 8.318863E-06 8.318863E-06 8.318863E-06 3.333333E-01 3.333333E-01 3.333333E-01
3 1.004711E-04 7.880431E-06 7.880431E-06 7.880431E-06 3.333333E-01 3.333333E-01 3.333333E-01
4 8.978177E-05 7.804422E-06 7.804422E-06 7.804422E-06 3.333333E-01 3.333333E-01 3.333333E-01
5 7.610245E-05 9.023623E-06 9.023623E-06 9.023623E-06 3.333333E-01 3.333333E-01 3.333333E-01
6 6.043095E-05 1.211420E-05 1.211420E-05 1.211420E-05 3.333333E-01 3.333333E-01 3.333333E-01
7 4.742725E-05 1.962063E-05 1.962063E-05 1.962063E-05 3.333333E-01 3.333333E-01 3.333333E-01
8 3.598329E-05 3.288822E-05 3.288822E-05 3.288822E-05 3.333333E-01 3.333333E-01 3.333333E-01
9 2.295920E-05 4.419770E-05 4.419770E-05 4.419770E-05 3.333333E-01 3.333333E-01 3.333333E-01
10 1.236694E-05 5.853022E-05 5.853022E-05 5.853022E-05 3.333333E-01 3.333333E-01 3.333333E-01
11 4.470644E-06 4.366987E-05 4.366987E-05 4.366987E-05 3.333333E-01 3.333333E-01 3.333333E-01
12 5.797812E-07 4.493470E-06 4.493470E-06 4.493470E-06 3.333333E-01 3.333333E-01 3.333333E-01
##---
2 0.32 0.34  : i wavelength min & max
# iz ExtRayleigh absg(1) absg(2) absg(3) wkd(1) wkd(2) wkd(3)
1 9.683999E-05 5.619236E-07 5.619236E-07 5.619236E-07 3.333333E-01 3.333333E-01 3.333333E-01
2 8.641216E-05 4.987972E-07 4.987972E-07 4.987972E-07 3.333333E-01 3.333333E-01 3.333333E-01
3 7.699490E-05 4.676274E-07 4.676274E-07 4.676274E-07 3.333333E-01 3.333333E-01 3.333333E-01
4 6.880324E-05 4.567563E-07 4.567563E-07 4.567563E-07 3.333333E-01 3.333333E-01 3.333333E-01
5 5.832024E-05 5.149645E-07 5.149645E-07 5.149645E-07 3.333333E-01 3.333333E-01 3.333333E-01
6 4.631057E-05 6.701999E-07 6.701999E-07 6.701999E-07 3.333333E-01 3.333333E-01 3.333333E-01
7 3.634533E-05 1.056208E-06 1.056208E-06 1.056208E-06 3.333333E-01 3.333333E-01 3.333333E-01
8 2.757538E-05 1.747642E-06 1.747642E-06 1.747642E-06 3.333333E-01 3.333333E-01 3.333333E-01
9 1.759452E-05 2.342085E-06 2.342085E-06 2.342085E-06 3.333333E-01 3.333333E-01 3.333333E-01
10 9.477264E-06 3.091837E-06 3.091837E-06 3.091837E-06 3.333333E-01 3.333333E-01 3.333333E-01
11 3.426027E-06 2.308276E-06 2.308276E-06 2.308276E-06 3.333333E-01 3.333333E-01 3.333333E-01
12 4.443087E-07 2.509925E-07 2.509925E-07 2.509925E-07 3.333333E-01 3.333333E-01 3.333333E-01
##---
3 0.34 0.36  : i wavelength min & max
# iz ExtRayleigh absg(1) absg(2) absg(3) wkd(1) wkd(2) wkd(3)
1 7.553201E-05 2.504880E-08 2.504880E-08 2.504880E-08 3.333333E-01 3.333333E-01 3.333333E-01
2 6.739865E-05 2.182755E-08 2.182755E-08 2.182755E-08 3.333333E-01 3.333333E-01 3.333333E-01
3 6.005349E-05 2.008727E-08 2.008727E-08 2.008727E-08 3.333333E-01 3.333333E-01 3.333333E-01
4 5.366427E-05 1.913200E-08 1.913200E-08 1.913200E-08 3.333333E-01 3.333333E-01 3.333333E-01
5 4.548787E-05 2.057472E-08 2.057472E-08 2.057472E-08 3.333333E-01 3.333333E-01 3.333333E-01
6 3.612072E-05 2.521981E-08 2.521981E-08 2.521981E-08 3.333333E-01 3.333333E-01 3.333333E-01
7 2.834816E-05 3.770468E-08 3.770468E-08 3.770468E-08 3.333333E-01 3.333333E-01 3.333333E-01
8 2.150789E-05 6.091295E-08 6.091295E-08 6.091295E-08 3.333333E-01 3.333333E-01 3.333333E-01
9 1.372315E-05 8.122906E-08 8.122906E-08 8.122906E-08 3.333333E-01 3.333333E-01 3.333333E-01
10 7.391955E-06 1.066468E-07 1.066468E-07 1.066468E-07 3.333333E-01 3.333333E-01 3.333333E-01
11 2.672188E-06 7.970456E-08 7.970456E-08 7.970456E-08 3.333333E-01 3.333333E-01 3.333333E-01
12 3.465462E-07 9.622664E-09 9.622664E-09 9.622664E-09 3.333333E-01 3.333333E-01 3.333333E-01
##---
4 0.36 0.38  : i wavelength min & max
# iz ExtRayleigh absg(1) absg(2) absg(3) wkd(1) wkd(2) wkd(3)
1 5.982162E-05 3.572239E-10 3.572239E-10 3.572239E-10 3.333333E-01 3.333333E-01 3.333333E-01
2 5.337996E-05 3.214376E-10 3.214376E-10 3.214376E-10 3.333333E-01 3.333333E-01 3.333333E-01
3 4.756257E-05 3.054481E-10 3.054481E-10 3.054481E-10 3.333333E-01 3.333333E-01 3.333333E-01
4 4.250228E-05 3.038039E-10 3.038039E-10 3.038039E-10 3.333333E-01 3.333333E-01 3.333333E-01
5 3.602655E-05 3.541961E-10 3.541961E-10 3.541961E-10 3.333333E-01 3.333333E-01 3.333333E-01
6 2.860774E-05 4.809574E-10 4.809574E-10 4.809574E-10 3.333333E-01 3.333333E-01 3.333333E-01
7 2.245184E-05 7.881220E-10 7.881220E-10 7.881220E-10 3.333333E-01 3.333333E-01 3.333333E-01
8 1.703432E-05 1.329541E-09 1.329541E-09 1.329541E-09 3.333333E-01 3.333333E-01 3.333333E-01
9 1.086878E-05 1.789391E-09 1.789391E-09 1.789391E-09 3.333333E-01 3.333333E-01 3.333333E-01
10 5.854454E-06 2.373767E-09 2.373767E-09 2.373767E-09 3.333333E-01 3.333333E-01 3.333333E-01
11 2.116383E-06 1.770473E-09 1.770473E-09 1.770473E-09 3.333333E-01 3.333333E-01 3.333333E-01
12 2.744658E-07 1.777423E-10 1.777423E-10 1.777423E-10 3.333333E-01 3.333333E-01 3.333333E-01
##---
5 0.38 0.4  : i wavelength min & max
# iz ExtRayleigh absg(1) absg(2) absg(3) wkd(1) wkd(2) wkd(3)
1 4.802041E-05 8.729469E-17 8.729469E-17 8.729469E-17 3.333334E-01 3.333334E-01 3.333334E-01
2 4.284952E-05 5.587940E-17 5.587940E-17 5.587940E-17 3.333334E-01 3.333334E-01 3.333334E-01
3 3.817975E-05 3.467760E-17 3.467760E-17 3.467760E-17 3.333334E-01 3.333334E-01 3.333334E-01
4 3.411772E-05 1.914263E-17 1.914263E-17 1.914263E-17 3.333334E-01 3.333334E-01 3.333334E-01
5 2.891948E-05 7.289858E-18 7.289858E-18 7.289858E-18 3.333334E-01 3.333334E-01 3.333334E-01
6 2.296420E-05 1.586882E-18 1.586882E-18 1.586882E-18 3.333334E-01 3.333334E-01 3.333334E-01
7 1.802269E-05 2.170810E-19 2.170810E-19 2.170810E-19 3.333334E-01 3.333334E-01 3.333334E-01
8 1.367391E-05 3.233853E-20 3.233853E-20 3.233853E-20 3.333334E-01 3.333334E-01 3.333334E-01
9 8.724659E-06 3.828074E-21 3.828074E-21 3.828074E-21 3.333334E-01 3.333334E-01 3.333334E-01
10 4.699526E-06 9.529746E-22 9.529746E-22 9.529746E-22 3.333334E-01 3.333334E-01 3.333334E-01
11 1.698877E-06 1.064311E-22 1.064311E-22 1.064311E-22 3.333334E-01 3.333334E-01 3.333334E-01
12 2.203210E-07 1.138265E-24 1.138265E-24 1.138265E-24 3.333334E-01 3.333334E-01 3.333334E-01
##---
6 0.4 0.42  : i wavelength min & max
# iz ExtRayleigh absg(1) absg(2) absg(3) wkd(1) wkd(2) wkd(3)
1 3.900946E-05 1.172023E-10 1.172023E-10 1.172023E-10 3.333334E-01 3.333334E-01 3.333334E-01
2 3.480889E-05 1.059115E-10 1.059115E-10 1.059115E-10 3.333334E-01 3.333334E-01 3.333334E-01
3 3.101539E-05 1.010496E-10 1.010496E-10 1.010496E-10 3.333334E-01 3.333334E-01 3.333334E-01
4 2.771559E-05 1.010195E-10 1.010195E-10 1.010195E-10 3.333334E-01 3.333334E-01 3.333334E-01
5 2.349279E-05 1.187769E-10 1.187769E-10 1.187769E-10 3.333334E-01 3.333334E-01 3.333334E-01
6 1.865501E-05 1.627090E-10 1.627090E-10 1.627090E-10 3.333334E-01 3.333334E-01 3.333334E-01
7 1.464077E-05 2.681919E-10 2.681919E-10 2.681919E-10 3.333334E-01 3.333334E-01 3.333334E-01
8 1.110802E-05 4.533098E-10 4.533098E-10 4.533098E-10 3.333334E-01 3.333334E-01 3.333334E-01
9 7.087493E-06 6.102933E-10 6.102933E-10 6.102933E-10 3.333334E-01 3.333334E-01 3.333334E-01
10 3.817669E-06 8.098583E-10 8.098583E-10 8.098583E-10 3.333334E-01 3.333334E-01 3.333334E-01
11 1.380086E-06 6.039972E-10 6.039972E-10 6.039972E-10 3.333334E-01 3.333334E-01 3.333334E-01
12 1.789782E-07 5.998026E-11 5.998026E-11 5.998026E-11 3.333334E-01 3.333334E-01 3.333334E-01
##---
7 0.42 0.44  : i wavelength min & max
# iz ExtRayleigh absg(1) absg(2) absg(3) wkd(1) wkd(2) wkd(3)
1 3.202858E-05 2.133555E-09 2.133555E-09 2.133555E-09 3.333334E-01 3.333334E-01 3.333334E-01
2 2.857971E-05 1.928018E-09 1.928018E-09 1.928018E-09 3.333334E-01 3.333334E-01 3.333334E-01
3 2.546507E-05 1.839513E-09 1.839513E-09 1.839513E-09 3.333334E-01 3.333334E-01 3.333334E-01
4 2.275578E-05 1.838966E-09 1.838966E-09 1.838966E-09 3.333334E-01 3.333334E-01 3.333334E-01
5 1.928867E-05 2.162224E-09 2.162224E-09 2.162224E-09 3.333334E-01 3.333334E-01 3.333334E-01
6 1.531662E-05 2.961968E-09 2.961968E-09 2.961968E-09 3.333334E-01 3.333334E-01 3.333334E-01
7 1.202075E-05 4.882188E-09 4.882188E-09 4.882188E-09 3.333334E-01 3.333334E-01 3.333334E-01
8 9.120201E-06 8.252088E-09 8.252088E-09 8.252088E-09 3.333334E-01 3.333334E-01 3.333334E-01
9 5.819159E-06 1.110983E-08 1.110983E-08 1.110983E-08 3.333334E-01 3.333334E-01 3.333334E-01
10 3.134483E-06 1.474273E-08 1.474273E-08 1.474273E-08 3.333334E-01 3.333334E-01 3.333334E-01
11 1.133114E-06 1.099521E-08 1.099521E-08 1.099521E-08 3.333334E-01 3.333334E-01 3.333334E-01
12 1.469494E-07 1.091885E-09 1.091885E-09 1.091885E-09 3.333334E-01 3.333334E-01 3.333334E-01
##---
8 0.44 0.46  : i wavelength min & max
# iz ExtRayleigh absg(1) absg(2) absg(3) wkd(1) wkd(2) wkd(3)
1 2.654988E-05 9.664899E-09 9.664899E-09 9.664899E-09 3.333334E-01 3.333334E-01 3.333334E-01
2 2.369096E-05 8.733827E-09 8.733827E-09 8.733827E-09 3.333334E-01 3.333334E-01 3.333334E-01
3 2.110910E-05 8.332908E-09 8.332908E-09 8.332908E-09 3.333334E-01 3.333334E-01 3.333334E-01
4 1.886325E-05 8.330427E-09 8.330427E-09 8.330427E-09 3.333334E-01 3.333334E-01 3.333334E-01
5 1.598921E-05 9.794769E-09 9.794769E-09 9.794769E-09 3.333334E-01 3.333334E-01 3.333334E-01
6 1.269661E-05 1.341758E-08 1.341758E-08 1.341758E-08 3.333334E-01 3.333334E-01 3.333334E-01
7 9.964519E-06 2.211608E-08 2.211608E-08 2.211608E-08 3.333334E-01 3.333334E-01 3.333334E-01
8 7.560131E-06 3.738156E-08 3.738156E-08 3.738156E-08 3.333334E-01 3.333334E-01 3.333334E-01
9 4.823753E-06 5.032700E-08 5.032700E-08 5.032700E-08 3.333334E-01 3.333334E-01 3.333334E-01
10 2.598309E-06 6.678385E-08 6.678385E-08 6.678385E-08 3.333334E-01 3.333334E-01 3.333334E-01
11 9.392874E-07 4.980781E-08 4.980781E-08 4.980781E-08 3.333334E-01 3.333334E-01 3.333334E-01
12 1.218127E-07 4.946188E-09 4.946188E-09 4.946188E-09 3.333334E-01 3.333334E-01 3.333334E-01
##---
9 0.46 0.48  : i wavelength min & max
# iz ExtRayleigh absg(1) absg(2) absg(3) wkd(1) wkd(2) wkd(3)
1 2.219974E-05 2.403747E-08 2.403747E-08 2.403747E-08 3.333334E-01 3.333334E-01 3.333334E-01
2 1.980925E-05 2.172181E-08 2.172181E-08 2.172181E-08 3.333334E-01 3.333334E-01 3.333334E-01
3 1.765042E-05 2.072468E-08 2.072468E-08 2.072468E-08 3.333334E-01 3.333334E-01 3.333334E-01
4 1.577255E-05 2.071852E-08 2.071852E-08 2.071852E-08 3.333334E-01 3.333334E-01 3.333334E-01
5 1.336942E-05 2.436047E-08 2.436047E-08 2.436047E-08 3.333334E-01 3.333334E-01 3.333334E-01
6 1.061630E-05 3.337071E-08 3.337071E-08 3.337071E-08 3.333334E-01 3.333334E-01 3.333334E-01
7 8.331855E-06 5.500466E-08 5.500466E-08 5.500466E-08 3.333334E-01 3.333334E-01 3.333334E-01
8 6.321420E-06 9.297130E-08 9.297130E-08 9.297130E-08 3.333334E-01 3.333334E-01 3.333334E-01
9 4.033392E-06 1.251677E-07 1.251677E-07 1.251677E-07 3.333334E-01 3.333334E-01 3.333334E-01
10 2.172582E-06 1.660974E-07 1.660974E-07 1.660974E-07 3.333334E-01 3.333334E-01 3.333334E-01
11 7.853873E-07 1.238765E-07 1.238765E-07 1.238765E-07 3.333334E-01 3.333334E-01 3.333334E-01
12 1.018540E-07 1.230162E-08 1.230162E-08 1.230162E-08 3.333334E-01 3.333334E-01 3.333334E-01
##---
10 0.48 0.5  : i wavelength min & max
# iz ExtRayleigh absg(1) absg(2) absg(3) wkd(1) wkd(2) wkd(3)
1 1.870908E-05 5.357832E-08 5.357832E-08 5.357832E-08 3.333334E-01 3.333334E-01 3.333334E-01
2 1.669447E-05 4.841682E-08 4.841682E-08 4.841682E-08 3.333334E-01 3.333334E-01 3.333334E-01
3 1.487509E-05 4.619427E-08 4.619427E-08 4.619427E-08 3.333334E-01 3.333334E-01 3.333334E-01
4 1.329250E-05 4.618052E-08 4.618052E-08 4.618052E-08 3.333334E-01 3.333334E-01 3.333334E-01
5 1.126723E-05 5.429825E-08 5.429825E-08 5.429825E-08 3.333334E-01 3.333334E-01 3.333334E-01
6 8.947010E-06 7.438161E-08 7.438161E-08 7.438161E-08 3.333334E-01 3.333334E-01 3.333334E-01
7 7.021767E-06 1.226026E-07 1.226026E-07 1.226026E-07 3.333334E-01 3.333334E-01 3.333334E-01
8 5.327449E-06 2.072283E-07 2.072283E-07 2.072283E-07 3.333334E-01 3.333334E-01 3.333334E-01
9 3.399187E-06 2.789925E-07 2.789925E-07 2.789925E-07 3.333334E-01 3.333334E-01 3.333334E-01
10 1.830968E-06 3.702226E-07 3.702226E-07 3.702226E-07 3.333334E-01 3.333334E-01 3.333334E-01
11 6.618941E-07 2.761143E-07 2.761143E-07 2.761143E-07 3.333334E-01 3.333334E-01 3.333334E-01
12 8.583859E-08 2.741967E-08 2.741967E-08 2.741967E-08 3.333334E-01 3.333334E-01 3.333334E-01
##---
11 0.5 0.52  : i wavelength min & max
# iz ExtRayleigh absg(1) absg(2) absg(3) wkd(1) wkd(2) wkd(3)
1 1.588111E-05 1.030816E-07 1.030816E-07 1.030816E-07 3.333334E-01 3.333334E-01 3.333334E-01
2 1.417102E-05 9.315118E-08 9.315118E-08 9.315118E-08 3.333334E-01 3.333334E-01 3.333334E-01
3 1.262665E-05 8.887512E-08 8.887512E-08 8.887512E-08 3.333334E-01 3.333334E-01 3.333334E-01
4 1.128327E-05 8.884866E-08 8.884866E-08 8.884866E-08 3.333334E-01 3.333334E-01 3.333334E-01
5 9.564132E-06 1.044667E-07 1.044667E-07 1.044667E-07 3.333334E-01 3.333334E-01 3.333334E-01
6 7.594625E-06 1.431059E-07 1.431059E-07 1.431059E-07 3.333334E-01 3.333334E-01 3.333334E-01
7 5.960392E-06 2.358803E-07 2.358803E-07 2.358803E-07 3.333334E-01 3.333334E-01 3.333334E-01
8 4.522179E-06 3.986951E-07 3.986951E-07 3.986951E-07 3.333334E-01 3.333334E-01 3.333334E-01
9 2.885384E-06 5.367654E-07 5.367654E-07 5.367654E-07 3.333334E-01 3.333334E-01 3.333334E-01
10 1.554208E-06 7.122869E-07 7.122869E-07 7.122869E-07 3.333334E-01 3.333334E-01 3.333334E-01
11 5.618456E-07 5.312279E-07 5.312279E-07 5.312279E-07 3.333334E-01 3.333334E-01 3.333334E-01
12 7.286367E-08 5.275387E-08 5.275387E-08 5.275387E-08 3.333334E-01 3.333334E-01 3.333334E-01
##---
12 0.52 0.54  : i wavelength min & max
# iz ExtRayleigh absg(1) absg(2) absg(3) wkd(1) wkd(2) wkd(3)
1 1.356985E-05 1.625769E-07 1.625769E-07 1.625769E-07 3.333334E-01 3.333334E-01 3.333334E-01
2 1.210864E-05 1.469148E-07 1.469148E-07 1.469148E-07 3.333334E-01 3.333334E-01 3.333334E-01
3 1.078903E-05 1.401707E-07 1.401707E-07 1.401707E-07 3.333334E-01 3.333334E-01 3.333334E-01
4 9.641160E-06 1.401289E-07 1.401289E-07 1.401289E-07 3.333334E-01 3.333334E-01 3.333334E-01
5 8.172215E-06 1.647611E-07 1.647611E-07 1.647611E-07 3.333334E-01 3.333334E-01 3.333334E-01
6 6.489340E-06 2.257015E-07 2.257015E-07 2.257015E-07 3.333334E-01 3.333334E-01 3.333334E-01
7 5.092945E-06 3.720218E-07 3.720218E-07 3.720218E-07 3.333334E-01 3.333334E-01 3.333334E-01
8 3.864042E-06 6.288077E-07 6.288077E-07 6.288077E-07 3.333334E-01 3.333334E-01 3.333334E-01
9 2.465459E-06 8.465668E-07 8.465668E-07 8.465668E-07 3.333334E-01 3.333334E-01 3.333334E-01
10 1.328016E-06 1.123393E-06 1.123393E-06 1.123393E-06 3.333334E-01 3.333334E-01 3.333334E-01
11 4.800773E-07 8.378335E-07 8.378335E-07 8.378335E-07 3.333334E-01 3.333334E-01 3.333334E-01
12 6.225944E-08 8.320149E-08 8.320149E-08 8.320149E-08 3.333334E-01 3.333334E-01 3.333334E-01
##---
13 0.54 0.56  : i wavelength min & max
# iz ExtRayleigh absg(1) absg(2) absg(3) wkd(1) wkd(2) wkd(3)
1 1.166563E-05 2.251563E-07 2.251563E-07 2.251563E-07 3.333334E-01 3.333334E-01 3.333334E-01
2 1.040947E-05 2.034626E-07 2.034626E-07 2.034626E-07 3.333334E-01 3.333334E-01 3.333334E-01
3 9.275035E-06 1.941202E-07 1.941202E-07 1.941202E-07 3.333334E-01 3.333334E-01 3.333334E-01
4 8.288242E-06 1.940605E-07 1.940605E-07 1.940605E-07 3.333334E-01 3.333334E-01 3.333334E-01
5 7.025430E-06 2.281713E-07 2.281713E-07 2.281713E-07 3.333334E-01 3.333334E-01 3.333334E-01
6 5.578710E-06 3.125644E-07 3.125644E-07 3.125644E-07 3.333334E-01 3.333334E-01 3.333334E-01
7 4.378267E-06 5.151971E-07 5.151971E-07 5.151971E-07 3.333334E-01 3.333334E-01 3.333334E-01
8 3.321813E-06 8.708087E-07 8.708087E-07 8.708087E-07 3.333334E-01 3.333334E-01 3.333334E-01
9 2.119488E-06 1.172374E-06 1.172374E-06 1.172374E-06 3.333334E-01 3.333334E-01 3.333334E-01
10 1.141659E-06 1.555739E-06 1.555739E-06 1.555739E-06 3.333334E-01 3.333334E-01 3.333334E-01
11 4.127094E-07 1.160279E-06 1.160279E-06 1.160279E-06 3.333334E-01 3.333334E-01 3.333334E-01
12 5.352275E-08 1.152222E-07 1.152222E-07 1.152222E-07 3.333334E-01 3.333334E-01 3.333334E-01
##---
14 0.56 0.58  : i wavelength min & max
# iz ExtRayleigh absg(1) absg(2) absg(3) wkd(1) wkd(2) wkd(3)
1 1.008511E-05 4.211039E-06 6.617345E-07 3.692092E-07 8.654901E-02 3.228979E-01 5.905531E-01
2 8.999135E-06 2.863999E-06 5.104663E-07 3.164937E-07 8.654901E-02 3.228980E-01 5.905532E-01
3 8.018402E-06 1.925999E-06 4.122077E-07 2.874445E-07 8.654901E-02 3.228979E-01 5.905532E-01
4 7.165307E-06 1.210380E-06 3.458841E-07 2.746343E-07 8.654901E-02 3.228979E-01 5.905530E-01
5 6.073587E-06 6.843118E-07 3.384052E-07 3.098962E-07 8.654901E-02 3.228979E-01 5.905531E-01
6 4.822875E-06 5.042735E-07 4.236169E-07 4.169693E-07 8.654901E-02 3.228980E-01 5.905530E-01
7 3.785075E-06 6.978314E-07 6.859668E-07 6.849888E-07 8.654901E-02 3.228980E-01 5.905532E-01
8 2.871755E-06 1.159547E-06 1.157617E-06 1.157457E-06 8.654901E-02 3.228979E-01 5.905531E-01
9 1.832328E-06 1.558536E-06 1.558270E-06 1.558247E-06 8.654901E-02 3.228980E-01 5.905532E-01
10 9.869811E-07 2.067875E-06 2.067795E-06 2.067787E-06 8.654901E-02 3.228980E-01 5.905531E-01
11 3.567933E-07 1.542182E-06 1.542169E-06 1.542167E-06 8.654901E-02 3.228979E-01 5.905531E-01
12 4.627119E-08 1.531460E-07 1.531458E-07 1.531457E-07 8.654901E-02 3.228979E-01 5.905531E-01
##---
15 0.58 0.6  : i wavelength min & max
# iz ExtRayleigh absg(1) absg(2) absg(3) wkd(1) wkd(2) wkd(3)
1 8.764229E-06 2.942462E-05 2.994064E-06 8.157203E-07 8.654901E-02 3.228980E-01 5.905531E-01
2 7.820488E-06 1.958203E-05 2.056013E-06 6.115600E-07 8.654901E-02 3.228980E-01 5.905531E-01
3 6.968206E-06 1.267884E-05 1.406113E-06 4.770418E-07 8.654901E-02 3.228980E-01 5.905532E-01
4 6.226842E-06 7.351738E-06 9.141048E-07 3.835304E-07 8.654901E-02 3.228980E-01 5.905530E-01
5 5.278108E-06 3.143526E-06 5.676669E-07 3.553706E-07 8.654901E-02 3.228980E-01 5.905531E-01
6 4.191207E-06 1.081449E-06 4.808229E-07 4.313207E-07 8.654901E-02 3.228980E-01 5.905532E-01
7 3.289331E-06 7.896676E-07 7.013152E-07 6.940333E-07 8.654901E-02 3.228980E-01 5.905530E-01
8 2.495632E-06 1.186133E-06 1.171761E-06 1.170576E-06 8.654901E-02 3.228980E-01 5.905532E-01
9 1.592342E-06 1.577779E-06 1.575796E-06 1.575633E-06 8.654901E-02 3.228979E-01 5.905531E-01
10 8.577130E-07 2.091482E-06 2.090876E-06 2.090825E-06 8.654901E-02 3.228980E-01 5.905531E-01
11 3.100629E-07 1.559450E-06 1.559352E-06 1.559344E-06 8.654901E-02 3.228980E-01 5.905531E-01
12 4.021090E-08 1.548538E-07 1.548515E-07 1.548513E-07 8.654901E-02 3.228980E-01 5.905531E-01
##---
16 0.6 0.62  : i wavelength min & max
# iz ExtRayleigh absg(1) absg(2) absg(3) wkd(1) wkd(2) wkd(3)
1 7.653303E-06 5.117116E-07 3.543138E-07 3.286557E-07 1.790931E-01 3.268113E-01 4.940957E-01
2 6.829187E-06 4.122629E-07 3.103608E-07 2.943600E-07 1.790931E-01 3.268113E-01 4.940957E-01
3 6.084937E-06 3.503800E-07 2.877386E-07 2.786381E-07 1.790931E-01 3.268113E-01 4.940957E-01
4 5.437548E-06 3.121993E-07 2.802601E-07 2.766367E-07 1.790931E-01 3.268113E-01 4.940957E-01
5 4.609072E-06 3.277437E-07 3.219157E-07 3.233193E-07 1.790931E-01 3.268113E-01 4.940957E-01
6 3.659943E-06 4.259113E-07 4.365394E-07 4.417871E-07 1.790931E-01 3.268113E-01 4.940957E-01
7 2.872386E-06 6.949292E-07 7.181816E-07 7.278563E-07 1.790931E-01 3.268113E-01 4.940957E-01
8 2.179293E-06 1.173538E-06 1.213699E-06 1.230205E-06 1.790931E-01 3.268113E-01 4.940957E-01
9 1.390502E-06 1.579803E-06 1.633982E-06 1.656225E-06 1.790931E-01 3.268113E-01 4.940957E-01
10 7.489920E-07 2.096381E-06 2.168290E-06 2.197808E-06 1.790931E-01 3.268113E-01 4.940957E-01
11 2.707603E-07 1.563491E-06 1.617123E-06 1.639138E-06 1.790931E-01 3.268113E-01 4.940957E-01
12 3.511389E-08 1.552632E-07 1.605893E-07 1.627754E-07 1.790931E-01 3.268113E-01 4.940957E-01
##---
17 0.62 0.64  : i wavelength min & max
# iz ExtRayleigh absg(1) absg(2) absg(3) wkd(1) wkd(2) wkd(3)
1 6.713424E-06 2.165141E-06 4.595549E-07 2.888287E-07 1.318457E-01 3.309831E-01 5.371712E-01
2 5.990516E-06 1.581362E-06 3.707119E-07 2.514922E-07 1.326717E-01 3.312522E-01 5.360762E-01
3 5.337665E-06 1.165336E-06 3.139663E-07 2.316790E-07 1.336651E-01 3.315756E-01 5.347593E-01
4 4.769779E-06 8.508624E-07 2.780482E-07 2.242736E-07 1.353137E-01 3.321124E-01 5.325738E-01
5 4.043046E-06 6.097303E-07 2.849598E-07 2.554730E-07 1.383104E-01 3.330882E-01 5.286013E-01
6 3.210477E-06 5.226300E-07 3.594461E-07 3.442422E-07 1.434336E-01 3.347565E-01 5.218099E-01
7 2.519637E-06 6.696980E-07 5.755471E-07 5.645840E-07 1.496412E-01 3.367778E-01 5.135810E-01
8 1.911661E-06 1.031184E-06 9.644835E-07 9.531818E-07 1.537918E-01 3.381293E-01 5.080789E-01
9 1.219738E-06 1.342429E-06 1.294688E-06 1.282990E-06 1.564433E-01 3.389927E-01 5.045640E-01
10 6.570104E-07 1.762274E-06 1.716450E-06 1.702284E-06 1.564053E-01 3.389804E-01 5.046143E-01
11 2.375090E-07 1.311179E-06 1.279882E-06 1.269451E-06 1.557122E-01 3.387547E-01 5.055331E-01
12 3.080166E-08 1.302280E-07 1.271014E-07 1.260482E-07 1.541278E-01 3.382388E-01 5.076334E-01
##---
18 0.64 0.66  : i wavelength min & max
# iz ExtRayleigh absg(1) absg(2) absg(3) wkd(1) wkd(2) wkd(3)
1 5.913856E-06 1.754218E-05 1.789727E-06 4.914473E-07 9.134101E-02 3.275260E-01 5.811329E-01
2 5.277046E-06 1.163994E-05 1.223893E-06 3.654275E-07 9.134101E-02 3.275260E-01 5.811329E-01
3 4.701949E-06 7.513482E-06 8.329584E-07 2.823659E-07 9.134100E-02 3.275261E-01 5.811329E-01
4 4.201698E-06 4.337513E-06 5.376156E-07 2.244373E-07 9.134101E-02 3.275261E-01 5.811329E-01
5 3.561520E-06 1.837937E-06 3.293902E-07 2.050595E-07 9.134101E-02 3.275260E-01 5.811329E-01
6 2.828109E-06 6.237119E-07 2.757773E-07 2.471014E-07 9.134101E-02 3.275260E-01 5.811329E-01
7 2.219548E-06 4.518923E-07 4.012954E-07 3.971254E-07 9.134100E-02 3.275260E-01 5.811329E-01
8 1.683982E-06 6.786010E-07 6.704223E-07 6.697484E-07 9.134101E-02 3.275260E-01 5.811329E-01
9 1.074468E-06 9.027170E-07 9.015897E-07 9.014972E-07 9.134101E-02 3.275260E-01 5.811329E-01
10 5.787606E-07 1.196636E-06 1.196292E-06 1.196264E-06 9.134101E-02 3.275260E-01 5.811329E-01
11 2.092217E-07 8.922373E-07 8.921814E-07 8.921770E-07 9.134100E-02 3.275260E-01 5.811329E-01
12 2.713319E-08 8.859946E-08 8.859811E-08 8.859802E-08 9.134101E-02 3.275260E-01 5.811329E-01
##---
19 0.66 0.68  : i wavelength min & max
# iz ExtRayleigh absg(1) absg(2) absg(3) wkd(1) wkd(2) wkd(3)
1 5.230140E-06 4.368745E-07 1.513633E-07 1.261503E-07 1.051817E-01 3.364442E-01 5.583740E-01
2 4.666953E-06 3.167467E-07 1.284015E-07 1.120086E-07 1.051817E-01 3.364442E-01 5.583740E-01
3 4.158345E-06 2.356765E-07 1.153932E-07 1.052055E-07 1.051817E-01 3.364442E-01 5.583740E-01
4 3.715929E-06 1.768434E-07 1.091010E-07 1.037363E-07 1.051817E-01 3.364442E-01 5.583740E-01
5 3.149763E-06 1.475484E-07 1.218724E-07 1.205207E-07 1.051817E-01 3.364442E-01 5.583740E-01
6 2.501144E-06 1.670736E-07 1.632436E-07 1.642707E-07 1.051817E-01 3.364443E-01 5.583740E-01
7 1.962941E-06 2.647271E-07 2.679500E-07 2.705190E-07 1.051817E-01 3.364443E-01 5.583740E-01
8 1.489293E-06 4.458774E-07 4.527352E-07 4.572070E-07 1.051817E-01 3.364442E-01 5.583740E-01
9 9.502456E-07 6.000857E-07 6.094986E-07 6.155356E-07 1.051817E-01 3.364442E-01 5.583740E-01
10 5.118486E-07 7.962895E-07 8.088014E-07 8.168145E-07 1.051817E-01 3.364442E-01 5.583740E-01
11 1.850331E-07 5.938734E-07 6.032086E-07 6.091850E-07 1.051817E-01 3.364442E-01 5.583740E-01
12 2.399625E-08 5.897482E-08 5.990192E-08 6.049544E-08 1.051817E-01 3.364442E-01 5.583740E-01
##---
20 0.68 0.7  : i wavelength min & max
# iz ExtRayleigh absg(1) absg(2) absg(3) wkd(1) wkd(2) wkd(3)
1 4.642657E-06 5.640832E-05 4.834430E-06 9.277261E-07 1.449641E-01 3.534304E-01 5.016055E-01
2 4.142731E-06 4.195885E-05 3.554900E-06 6.814393E-07 1.451965E-01 3.534451E-01 5.013584E-01
3 3.691253E-06 3.116315E-05 2.613432E-06 5.046589E-07 1.454555E-01 3.534613E-01 5.010832E-01
4 3.298532E-06 2.284079E-05 1.893338E-06 3.722958E-07 1.458377E-01 3.534853E-01 5.006770E-01
5 2.795962E-06 1.467637E-05 1.217831E-06 2.612198E-07 1.464464E-01 3.535235E-01 5.000301E-01
6 2.220200E-06 8.390246E-06 7.371274E-07 2.023953E-07 1.474338E-01 3.535855E-01 4.989807E-01
7 1.742451E-06 4.928116E-06 5.316786E-07 2.245139E-07 1.491846E-01 3.536954E-01 4.971201E-01
8 1.322006E-06 2.951324E-06 4.890523E-07 3.154255E-07 1.511245E-01 3.538172E-01 4.950583E-01
9 8.435080E-07 1.451699E-06 4.645769E-07 3.944841E-07 1.530017E-01 3.539350E-01 4.930634E-01
10 4.543545E-07 8.249609E-07 5.304692E-07 5.099567E-07 1.531224E-01 3.539426E-01 4.929351E-01
11 1.642490E-07 4.136701E-07 3.798587E-07 3.778196E-07 1.528635E-01 3.539263E-01 4.932102E-01
12 2.130084E-08 3.780704E-08 3.746575E-08 3.747402E-08 1.523438E-01 3.538937E-01 4.937626E-01
##---
21 0.7 0.8  : i wavelength min & max
# iz ExtRayleigh absg(1) absg(2) absg(3) wkd(1) wkd(2) wkd(3)
1 3.342772E-06 2.264187E-04 1.825504E-05 3.131069E-06 1.451664E-01 3.543252E-01 5.005083E-01
2 2.982819E-06 1.724890E-04 1.374321E-05 2.328770E-06 1.451916E-01 3.543229E-01 5.004855E-01
3 2.657749E-06 1.312593E-04 1.033652E-05 1.731716E-06 1.452199E-01 3.543202E-01 5.004598E-01
4 2.374985E-06 9.927752E-05 7.704876E-06 1.273699E-06 1.452628E-01 3.543162E-01 5.004210E-01
5 2.013127E-06 6.627150E-05 5.060385E-06 8.285464E-07 1.453333E-01 3.543096E-01 5.003570E-01
6 1.598572E-06 3.910802E-05 2.957407E-06 4.914723E-07 1.454317E-01 3.543003E-01 5.002680E-01
7 1.254587E-06 2.309663E-05 1.765585E-06 3.198602E-07 1.455116E-01 3.542926E-01 5.001957E-01
8 9.518610E-07 1.321123E-05 1.062339E-06 2.412054E-07 1.455653E-01 3.542875E-01 5.001472E-01
9 6.073365E-07 5.451257E-06 5.141766E-07 1.823968E-07 1.456403E-01 3.542804E-01 5.000793E-01
10 3.271410E-07 1.747497E-06 2.748123E-07 1.787496E-07 1.456459E-01 3.542798E-01 5.000743E-01
11 1.182613E-07 2.974275E-07 1.302407E-07 1.217051E-07 1.456324E-01 3.542811E-01 5.000865E-01
12 1.533687E-08 1.316355E-08 1.171733E-08 1.189652E-08 1.456057E-01 3.542836E-01 5.001106E-01
##---
22 0.8 0.9  : i wavelength min & max
# iz ExtRayleigh absg(1) absg(2) absg(3) wkd(1) wkd(2) wkd(3)
1 2.012850E-06 4.374398E-05 4.152889E-06 9.124278E-07 1.628235E-01 3.566828E-01 4.804940E-01
2 1.796104E-06 2.817028E-05 2.673774E-06 5.856393E-07 1.628235E-01 3.566828E-01 4.804940E-01
3 1.600364E-06 1.759120E-05 1.669322E-06 3.645235E-07 1.628235E-01 3.566828E-01 4.804940E-01
4 1.430097E-06 9.722589E-06 9.226858E-07 2.010327E-07 1.628235E-01 3.566828E-01 4.804940E-01
5 1.212205E-06 3.683313E-06 3.498172E-07 7.612950E-08 1.628235E-01 3.566828E-01 4.804940E-01
6 9.625800E-07 7.965005E-07 7.575057E-08 1.648057E-08 1.628235E-01 3.566828E-01 4.804940E-01
7 7.554493E-07 1.082878E-07 1.031572E-08 2.245670E-09 1.628235E-01 3.566828E-01 4.804940E-01
8 5.731631E-07 1.646151E-08 1.568325E-09 3.398287E-10 1.628235E-01 3.566828E-01 4.804940E-01
9 3.657077E-07 2.092642E-09 1.989178E-10 4.244922E-11 1.628235E-01 3.566828E-01 4.804940E-01
10 1.969880E-07 5.742746E-10 5.443732E-11 1.139184E-11 1.628235E-01 3.566828E-01 4.804940E-01
11 7.121107E-08 7.754292E-11 7.315377E-12 1.479379E-12 1.628235E-01 3.566828E-01 4.804940E-01
12 9.235098E-09 1.357461E-12 1.267931E-13 2.395524E-14 1.628235E-01 3.566828E-01 4.804940E-01
##---
23 0.9 1  : i wavelength min & max
# iz ExtRayleigh absg(1) absg(2) absg(3) wkd(1) wkd(2) wkd(3)
1 1.284097E-06 8.493985E-04 8.091672E-05 1.758032E-05 1.793600E-01 3.548641E-01 4.657761E-01
2 1.145824E-06 5.421588E-04 5.163558E-05 1.120784E-05 1.793600E-01 3.548641E-01 4.657761E-01
3 1.020951E-06 3.355034E-04 3.194638E-05 6.927959E-06 1.793600E-01 3.548641E-01 4.657762E-01
4 9.123301E-07 1.835587E-04 1.747882E-05 3.790918E-06 1.793600E-01 3.548641E-01 4.657761E-01
5 7.733257E-07 6.835138E-05 6.513058E-06 1.416493E-06 1.793600E-01 3.548641E-01 4.657761E-01
6 6.140776E-07 1.442698E-05 1.376526E-06 3.009393E-07 1.793600E-01 3.548641E-01 4.657761E-01
7 4.819386E-07 1.911297E-06 1.826677E-07 4.019832E-08 1.793600E-01 3.548641E-01 4.657761E-01
8 3.656492E-07 2.840725E-07 2.715217E-08 5.977430E-09 1.793600E-01 3.548641E-01 4.657762E-01
9 2.333031E-07 3.513239E-08 3.349589E-09 7.301260E-10 1.793600E-01 3.548641E-01 4.657761E-01
10 1.256684E-07 9.287831E-09 8.826240E-10 1.898874E-10 1.793600E-01 3.548641E-01 4.657761E-01
11 4.542908E-08 1.176035E-09 1.110609E-10 2.328833E-11 1.793600E-01 3.548641E-01 4.657761E-01
12 5.891528E-09 1.844765E-11 1.716092E-12 3.371174E-13 1.793600E-01 3.548641E-01 4.657761E-01
##---
24 1 1.1  : i wavelength min & max
# iz ExtRayleigh absg(1) absg(2) absg(3) wkd(1) wkd(2) wkd(3)
1 8.576093E-07 3.092211E-05 2.724655E-06 5.719140E-07 1.624909E-01 3.427887E-01 4.947204E-01
2 7.652611E-07 1.994048E-05 1.748472E-06 3.643245E-07 1.615844E-01 3.422811E-01 4.961345E-01
3 6.818623E-07 1.247500E-05 1.088204E-06 2.250363E-07 1.605986E-01 3.417307E-01 4.976707E-01
4 6.093174E-07 6.924189E-06 5.999967E-07 1.230322E-07 1.592218E-01 3.409664E-01 4.998119E-01
5 5.164807E-07 2.642808E-06 2.268435E-07 4.605216E-08 1.570030E-01 3.397470E-01 5.032499E-01
6 4.101237E-07 5.801425E-07 4.929284E-08 9.903963E-09 1.537728E-01 3.380058E-01 5.082214E-01
7 3.218721E-07 8.209290E-08 7.063789E-09 1.420553E-09 1.504120E-01 3.362504E-01 5.133377E-01
8 2.442059E-07 1.395627E-08 1.306737E-09 2.698678E-10 1.483444E-01 3.352180E-01 5.164376E-01
9 1.558160E-07 2.399742E-09 2.724826E-10 5.951196E-11 1.470406E-01 3.346009E-01 5.183584E-01
10 8.393010E-08 7.194405E-10 8.691764E-11 1.925450E-11 1.464193E-01 3.342422E-01 5.193384E-01
11 3.034069E-08 1.026204E-10 1.313654E-11 2.940453E-12 1.454670E-01 3.336566E-01 5.208764E-01
12 3.934772E-09 2.024075E-12 2.847722E-13 6.469390E-14 1.436583E-01 3.325405E-01 5.238012E-01
##---
25 1.1 1.2  : i wavelength min & max
# iz ExtRayleigh absg(1) absg(2) absg(3) wkd(1) wkd(2) wkd(3)
1 5.945303E-07 2.216810E-03 2.125898E-04 4.740680E-05 1.841479E-01 3.534289E-01 4.624231E-01
2 5.305108E-07 1.421649E-03 1.362598E-04 3.032101E-05 1.841479E-01 3.534289E-01 4.624231E-01
3 4.726953E-07 8.839727E-04 8.468027E-05 1.880449E-05 1.841479E-01 3.534289E-01 4.624231E-01
4 4.224042E-07 4.863467E-04 4.657566E-05 1.033078E-05 1.841479E-01 3.534289E-01 4.624231E-01
5 3.580458E-07 1.828799E-04 1.751680E-05 3.887971E-06 1.841479E-01 3.534289E-01 4.624231E-01
6 2.843148E-07 3.912799E-05 3.750066E-06 8.343040E-07 1.841479E-01 3.534289E-01 4.624231E-01
7 2.231351E-07 5.258185E-06 5.044075E-07 1.126126E-07 1.841479E-01 3.534289E-01 4.624231E-01
8 1.692937E-07 7.901994E-07 7.575850E-08 1.687600E-08 1.841479E-01 3.534289E-01 4.624231E-01
9 1.080181E-07 9.881668E-08 9.442743E-09 2.076755E-09 1.841479E-01 3.534289E-01 4.624231E-01
10 5.818383E-08 2.651042E-08 2.522667E-09 5.456531E-10 1.841479E-01 3.534289E-01 4.624231E-01
11 2.103343E-08 3.436367E-09 3.245433E-10 6.807424E-11 1.841479E-01 3.534289E-01 4.624231E-01
12 2.727747E-09 5.554622E-11 5.162473E-12 1.009966E-12 1.841479E-01 3.534289E-01 4.624231E-01
##---
26 1.2 1.3  : i wavelength min & max
# iz ExtRayleigh absg(1) absg(2) absg(3) wkd(1) wkd(2) wkd(3)
1 4.251042E-07 3.412978E-05 3.446263E-06 9.179459E-07 1.790809E-01 3.492913E-01 4.716279E-01
2 3.793286E-07 2.302040E-05 2.311644E-06 6.021530E-07 1.773874E-01 3.485175E-01 4.740952E-01
3 3.379891E-07 1.534991E-05 1.531270E-06 3.879560E-07 1.751943E-01 3.474760E-01 4.773296E-01
4 3.020296E-07 9.653743E-06 9.530390E-07 2.307593E-07 1.714239E-01 3.456278E-01 4.829484E-01
5 2.560118E-07 4.983862E-06 4.819639E-07 1.068424E-07 1.634698E-01 3.415939E-01 4.949361E-01
6 2.032922E-07 2.328744E-06 2.150806E-07 4.081332E-08 1.481404E-01 3.336736E-01 5.181861E-01
7 1.595472E-07 1.321392E-06 1.130319E-07 1.845269E-08 1.292432E-01 3.240117E-01 5.467450E-01
8 1.210493E-07 7.990545E-07 6.496322E-08 1.001196E-08 1.182168E-01 3.184677E-01 5.633156E-01
9 7.723569E-08 3.454223E-07 2.772473E-08 4.235153E-09 1.126682E-01 3.156840E-01 5.716478E-01
10 4.160291E-08 1.085311E-07 8.960746E-09 1.402006E-09 1.114581E-01 3.150465E-01 5.734953E-01
11 1.503943E-08 1.403376E-08 1.233981E-09 2.023438E-10 1.102005E-01 3.143543E-01 5.754452E-01
12 1.950408E-09 2.275734E-10 2.297584E-11 4.096073E-12 1.082766E-01 3.132703E-01 5.784532E-01
##---
27 1.3 1.4  : i wavelength min & max
# iz ExtRayleigh absg(1) absg(2) absg(3) wkd(1) wkd(2) wkd(3)
1 3.119961E-07 5.309501E-02 4.996242E-03 1.032567E-03 1.961511E-01 3.485885E-01 4.552603E-01
2 2.784001E-07 3.344192E-02 3.147980E-03 6.516512E-04 1.961366E-01 3.485815E-01 4.552817E-01
3 2.480598E-07 2.041847E-02 1.922709E-03 3.986852E-04 1.961153E-01 3.485713E-01 4.553132E-01
4 2.216682E-07 1.098516E-02 1.035069E-03 2.152995E-04 1.960710E-01 3.485501E-01 4.553788E-01
5 1.878944E-07 3.967321E-03 3.743871E-04 7.848781E-05 1.959331E-01 3.484840E-01 4.555827E-01
6 1.492020E-07 8.042712E-04 7.597600E-05 1.609913E-05 1.953295E-01 3.481950E-01 4.564754E-01
7 1.170963E-07 1.033772E-04 9.695981E-06 2.059257E-06 1.923571E-01 3.467714E-01 4.608713E-01
8 8.884151E-08 1.544314E-05 1.414773E-06 2.937364E-07 1.856701E-01 3.435690E-01 4.707608E-01
9 5.668548E-08 1.968084E-06 1.740706E-07 3.462046E-08 1.766874E-01 3.392674E-01 4.840451E-01
10 3.053356E-08 5.140510E-07 4.496970E-08 8.792293E-09 1.741034E-01 3.380300E-01 4.878665E-01
11 1.103787E-08 6.358717E-08 5.494909E-09 1.046205E-09 1.717561E-01 3.369057E-01 4.913381E-01
12 1.431460E-09 1.016794E-09 8.572570E-11 1.513314E-11 1.684700E-01 3.353317E-01 4.961982E-01
##---
28 1.4 1.5  : i wavelength min & max
# iz ExtRayleigh absg(1) absg(2) absg(3) wkd(1) wkd(2) wkd(3)
1 2.341487E-07 1.250115E-02 1.189141E-03 2.568873E-04 1.960841E-01 3.486104E-01 4.553054E-01
2 2.089353E-07 7.876453E-03 7.495561E-04 1.622180E-04 1.960527E-01 3.486106E-01 4.553367E-01
3 1.861654E-07 4.811359E-03 4.580769E-04 9.932416E-05 1.960072E-01 3.486108E-01 4.553819E-01
4 1.663589E-07 2.590988E-03 2.468933E-04 5.372443E-05 1.959156E-01 3.486111E-01 4.554731E-01
5 1.410121E-07 9.383116E-04 8.960849E-05 1.967547E-05 1.956518E-01 3.486124E-01 4.557358E-01
6 1.119740E-07 1.922986E-04 1.842340E-05 4.094303E-06 1.946363E-01 3.486168E-01 4.567468E-01
7 8.787912E-08 2.604224E-05 2.515379E-06 5.597554E-07 1.908623E-01 3.486334E-01 4.605043E-01
8 6.667432E-08 4.595219E-06 4.621150E-07 9.932035E-08 1.849854E-01 3.486591E-01 4.663555E-01
9 4.254166E-08 9.069826E-07 9.921283E-08 1.987762E-08 1.780837E-01 3.486894E-01 4.732269E-01
10 2.291501E-08 2.764054E-07 3.080304E-08 6.055737E-09 1.762629E-01 3.486974E-01 4.750397E-01
11 8.283766E-09 3.925803E-08 4.428788E-09 8.546246E-10 1.747319E-01 3.487042E-01 4.765640E-01
12 1.074291E-09 8.470390E-10 9.713030E-11 1.808620E-11 1.717525E-01 3.487172E-01 4.795303E-01
##---
29 1.5 1.6  : i wavelength min & max
# iz ExtRayleigh absg(1) absg(2) absg(3) wkd(1) wkd(2) wkd(3)
1 1.791491E-07 5.793040E-05 6.004160E-06 2.055691E-06 1.685867E-01 3.487311E-01 4.826823E-01
2 1.598581E-07 3.803604E-05 3.941874E-06 1.329446E-06 1.671090E-01 3.487375E-01 4.841535E-01
3 1.424367E-07 2.454681E-05 2.546424E-06 8.404276E-07 1.654891E-01 3.487447E-01 4.857662E-01
4 1.272825E-07 1.460783E-05 1.522330E-06 4.830785E-07 1.632348E-01 3.487545E-01 4.880107E-01
5 1.078895E-07 6.721728E-06 7.113729E-07 2.066733E-07 1.597320E-01 3.487698E-01 4.914982E-01
6 8.567223E-08 2.585936E-06 2.807229E-07 6.710549E-08 1.548337E-01 3.487914E-01 4.963750E-01
7 6.723702E-08 1.222325E-06 1.330341E-07 2.573727E-08 1.491722E-01 3.488162E-01 5.020117E-01
8 5.101307E-08 7.045715E-07 7.494194E-08 1.339444E-08 1.443917E-01 3.488371E-01 5.067711E-01
9 3.254897E-08 3.223090E-07 3.351020E-08 5.832590E-09 1.408334E-01 3.488527E-01 5.103139E-01
10 1.753246E-08 1.122361E-07 1.161419E-08 2.014712E-09 1.401456E-01 3.488558E-01 5.109987E-01
11 6.337977E-09 1.745905E-08 1.799839E-09 3.114357E-10 1.396068E-01 3.488581E-01 5.115352E-01
12 8.219487E-10 4.305464E-10 4.407160E-11 7.594998E-12 1.386152E-01 3.488625E-01 5.125223E-01
##---
30 1.6 1.7  : i wavelength min & max
# iz ExtRayleigh absg(1) absg(2) absg(3) wkd(1) wkd(2) wkd(3)
1 1.393985E-07 9.709377E-06 2.283319E-06 1.553855E-06 1.616973E-01 3.487957E-01 4.895069E-01
2 1.243879E-07 7.243743E-06 1.573748E-06 1.012017E-06 1.598360E-01 3.489411E-01 4.912229E-01
3 1.108320E-07 5.432234E-06 1.078282E-06 6.444553E-07 1.577881E-01 3.491188E-01 4.930930E-01
4 9.904038E-08 4.045752E-06 7.077294E-07 3.744841E-07 1.548889E-01 3.494042E-01 4.957069E-01
5 8.395040E-08 2.686305E-06 3.902918E-07 1.632780E-07 1.502070E-01 3.499487E-01 4.998443E-01
6 6.666281E-08 1.631449E-06 1.919763E-07 5.411500E-08 1.437483E-01 3.508700E-01 5.053818E-01
7 5.231811E-08 1.009036E-06 1.044045E-07 2.096331E-08 1.383052E-01 3.518068E-01 5.098879E-01
8 3.969400E-08 6.097994E-07 6.074434E-08 1.095675E-08 1.361035E-01 3.522153E-01 5.116813E-01
9 2.532683E-08 2.775200E-07 2.732463E-08 4.785496E-09 1.352257E-01 3.523408E-01 5.124335E-01
10 1.364226E-08 9.613553E-08 9.450114E-09 1.649608E-09 1.349685E-01 3.523028E-01 5.127288E-01
11 4.931672E-09 1.483570E-08 1.454704E-09 2.531065E-10 1.343794E-01 3.521324E-01 5.134882E-01
12 6.395702E-10 3.630451E-10 3.531981E-11 6.101494E-12 1.328990E-01 3.516560E-01 5.154449E-01
##---
31 1.7 1.8  : i wavelength min & max
# iz ExtRayleigh absg(1) absg(2) absg(3) wkd(1) wkd(2) wkd(3)
1 1.100911E-07 5.260973E-04 5.510456E-05 1.628665E-05 1.984992E-01 3.474981E-01 4.540027E-01
2 9.823641E-08 3.278731E-04 3.440252E-05 1.021553E-05 1.984990E-01 3.474982E-01 4.540029E-01
3 8.753053E-08 1.980482E-04 2.082010E-05 6.213510E-06 1.984986E-01 3.474983E-01 4.540032E-01
4 7.821796E-08 1.050460E-04 1.108069E-05 3.336386E-06 1.984979E-01 3.474984E-01 4.540038E-01
5 6.630052E-08 3.692667E-05 3.930905E-06 1.211543E-06 1.984956E-01 3.474990E-01 4.540055E-01
6 5.264750E-08 7.197214E-06 7.780417E-07 2.490322E-07 1.984860E-01 3.475012E-01 4.540128E-01
7 4.131866E-08 8.773700E-07 9.665620E-08 3.233689E-08 1.984329E-01 3.475134E-01 4.540538E-01
8 3.134867E-08 1.236756E-07 1.375213E-08 4.705377E-09 1.982560E-01 3.475542E-01 4.541898E-01
9 2.000207E-08 1.483939E-08 1.642892E-09 5.591643E-10 1.978817E-01 3.476406E-01 4.544778E-01
10 1.077409E-08 3.764076E-09 4.151120E-10 1.402069E-10 1.978057E-01 3.476581E-01 4.545363E-01
11 3.894829E-09 4.520997E-10 4.921395E-11 1.613469E-11 1.978478E-01 3.476484E-01 4.545039E-01
12 5.051059E-10 7.370836E-12 7.543811E-13 2.105833E-13 1.980266E-01 3.476071E-01 4.543663E-01
##---
32 1.8 1.9  : i wavelength min & max
# iz ExtRayleigh absg(1) absg(2) absg(3) wkd(1) wkd(2) wkd(3)
1 8.809963E-08 1.054850E-01 9.937917E-03 2.063167E-03 1.984993E-01 3.474980E-01 4.540026E-01
2 7.861298E-08 6.573278E-02 6.198357E-03 1.291680E-03 1.984990E-01 3.474981E-01 4.540029E-01
3 7.004567E-08 3.970024E-02 3.747106E-03 7.839407E-04 1.984988E-01 3.474981E-01 4.540031E-01
4 6.259336E-08 2.105223E-02 1.990014E-03 4.189566E-04 1.984981E-01 3.474981E-01 4.540037E-01
5 5.305651E-08 7.395241E-03 7.015183E-04 1.498407E-04 1.984964E-01 3.474983E-01 4.540052E-01
6 4.213078E-08 1.439613E-03 1.373325E-04 3.000343E-05 1.984890E-01 3.474989E-01 4.540119E-01
7 3.306496E-08 1.752499E-04 1.683103E-05 3.775499E-06 1.984479E-01 3.475027E-01 4.540494E-01
8 2.508654E-08 2.470717E-05 2.380798E-06 5.412355E-07 1.982917E-01 3.475168E-01 4.541916E-01
9 1.600651E-08 2.978700E-06 2.865495E-07 6.484640E-08 1.977937E-01 3.475617E-01 4.546444E-01
10 8.621887E-09 7.573485E-07 7.274930E-08 1.637838E-08 1.976154E-01 3.475778E-01 4.548067E-01
11 3.116809E-09 9.125175E-08 8.724010E-09 1.928992E-09 1.974923E-01 3.475889E-01 4.549187E-01
12 4.042073E-10 1.502241E-09 1.406155E-10 2.851298E-11 1.972566E-01 3.476102E-01 4.551332E-01
##---
33 1.9 2  : i wavelength min & max
# iz ExtRayleigh absg(1) absg(2) absg(3) wkd(1) wkd(2) wkd(3)
1 7.133712E-08 2.929410E-02 2.651639E-03 5.532138E-04 1.894327E-01 3.483025E-01 4.622648E-01
2 6.365546E-08 1.842805E-02 1.658991E-03 3.465754E-04 1.880887E-01 3.484201E-01 4.634911E-01
3 5.671824E-08 1.126456E-02 1.007444E-03 2.106407E-04 1.864660E-01 3.485615E-01 4.649724E-01
4 5.068386E-08 6.098187E-03 5.400289E-04 1.130363E-04 1.839041E-01 3.487830E-01 4.673128E-01
5 4.296157E-08 2.241945E-03 1.956391E-04 4.109388E-05 1.792447E-01 3.491778E-01 4.715775E-01
6 3.411465E-08 4.934233E-04 4.268773E-05 8.909432E-06 1.716751E-01 3.497874E-01 4.785376E-01
7 2.677376E-08 8.998276E-05 8.243726E-06 1.631336E-06 1.636711E-01 3.503786E-01 4.859502E-01
8 2.031338E-08 2.811751E-05 2.813235E-06 5.171992E-07 1.596269E-01 3.506790E-01 4.896941E-01
9 1.296099E-08 9.761263E-06 1.020003E-06 1.798638E-07 1.575255E-01 3.508714E-01 4.916030E-01
10 6.981420E-09 3.107177E-06 3.260287E-07 5.723802E-08 1.572846E-01 3.509606E-01 4.917548E-01
11 2.523781E-09 4.282029E-07 4.501786E-08 7.881112E-09 1.572197E-01 3.510764E-01 4.917039E-01
12 3.272997E-10 8.833002E-09 9.304195E-10 1.617905E-10 1.570614E-01 3.511992E-01 4.917394E-01
##---
34 2 2.1  : i wavelength min & max
# iz ExtRayleigh absg(1) absg(2) absg(3) wkd(1) wkd(2) wkd(3)
1 5.837963E-08 1.238221E-03 1.176938E-04 2.246259E-05 1.394584E-01 3.527867E-01 5.077549E-01
2 5.209325E-08 9.769212E-04 9.199396E-05 1.714084E-05 1.382375E-01 3.528908E-01 5.088716E-01
3 4.641608E-08 7.694468E-04 7.181468E-05 1.308263E-05 1.370975E-01 3.529869E-01 5.099155E-01
4 4.147777E-08 6.030895E-04 5.570978E-05 9.892809E-06 1.357946E-01 3.530948E-01 5.111104E-01
5 3.515814E-08 4.137240E-04 3.777239E-05 6.522405E-06 1.343379E-01 3.532101E-01 5.124521E-01
6 2.791815E-08 2.463895E-04 2.228209E-05 3.760982E-06 1.332031E-01 3.532917E-01 5.135052E-01
7 2.191064E-08 1.430713E-04 1.288525E-05 2.152776E-06 1.327326E-01 3.533168E-01 5.139505E-01
8 1.662371E-08 8.194052E-05 7.373082E-06 1.228957E-06 1.326350E-01 3.533204E-01 5.140446E-01
9 1.060679E-08 3.539747E-05 3.184501E-06 5.305057E-07 1.326193E-01 3.533286E-01 5.140522E-01
10 5.713333E-09 1.150178E-05 1.034832E-06 1.724084E-07 1.326398E-01 3.533510E-01 5.140092E-01
11 2.065367E-09 1.601545E-06 1.441154E-07 2.401512E-08 1.326748E-01 3.533868E-01 5.139385E-01
12 2.678498E-10 3.350166E-08 3.015083E-09 5.025091E-10 1.327089E-01 3.534221E-01 5.138690E-01
##---
35 2.1 2.2  : i wavelength min & max
# iz ExtRayleigh absg(1) absg(2) absg(3) wkd(1) wkd(2) wkd(3)
1 4.823583E-08 3.041733E-05 5.717811E-06 3.657955E-06 1.738109E-01 3.390741E-01 4.871149E-01
2 4.304175E-08 2.017704E-05 3.727433E-06 2.345837E-06 1.697286E-01 3.376636E-01 4.926078E-01
3 3.835103E-08 1.323453E-05 2.384256E-06 1.463792E-06 1.648821E-01 3.360123E-01 4.991055E-01
4 3.427078E-08 8.145711E-06 1.402892E-06 8.204082E-07 1.574044E-01 3.335136E-01 5.090819E-01
5 2.904921E-08 4.056165E-06 6.356809E-07 3.293636E-07 1.441380E-01 3.291785E-01 5.266835E-01
6 2.306722E-08 1.822245E-06 2.368356E-07 8.926526E-08 1.252352E-01 3.234447E-01 5.513200E-01
7 1.810355E-08 9.852223E-07 1.068076E-07 2.555930E-08 1.104648E-01 3.195920E-01 5.699433E-01
8 1.373525E-08 5.673831E-07 5.764877E-08 1.128546E-08 1.055970E-01 3.187476E-01 5.756554E-01
9 8.763799E-09 2.374049E-07 2.352959E-08 4.314176E-09 1.049171E-01 3.193108E-01 5.757722E-01
10 4.720609E-09 6.934445E-08 6.722127E-09 1.211653E-09 1.075524E-01 3.219446E-01 5.705030E-01
11 1.706498E-09 7.403478E-09 6.963819E-10 1.227970E-10 1.132500E-01 3.276087E-01 5.591412E-01
12 2.213094E-10 9.483222E-11 8.668307E-12 1.473834E-12 1.248440E-01 3.394308E-01 5.357252E-01
##---
36 2.2 2.3  : i wavelength min & max
# iz ExtRayleigh absg(1) absg(2) absg(3) wkd(1) wkd(2) wkd(3)
1 4.020318E-08 5.100010E-05 7.988585E-06 4.291025E-06 1.528493E-01 3.477232E-01 4.994275E-01
2 3.587406E-08 3.987255E-05 5.775455E-06 2.839615E-06 1.518530E-01 3.478185E-01 5.003284E-01
3 3.196448E-08 3.126245E-05 4.184270E-06 1.852287E-06 1.508116E-01 3.479271E-01 5.012614E-01
4 2.856370E-08 2.449625E-05 2.978062E-06 1.128005E-06 1.493932E-01 3.480521E-01 5.025547E-01
5 2.421168E-08 1.712017E-05 1.854632E-06 5.490080E-07 1.471995E-01 3.481094E-01 5.046911E-01
6 1.922586E-08 1.060930E-05 1.040013E-06 2.282923E-07 1.446278E-01 3.480139E-01 5.073583E-01
7 1.508878E-08 6.447860E-06 6.042500E-07 1.108293E-07 1.429471E-01 3.477378E-01 5.093150E-01
8 1.144793E-08 3.741816E-06 3.472363E-07 6.086879E-08 1.425047E-01 3.476273E-01 5.098680E-01
9 7.304374E-09 1.574024E-06 1.454935E-07 2.516529E-08 1.427617E-01 3.479031E-01 5.093350E-01
10 3.934491E-09 4.772199E-07 4.385549E-08 7.529975E-09 1.442554E-01 3.491513E-01 5.065933E-01
11 1.422317E-09 5.009236E-08 4.573058E-09 7.791219E-10 1.464046E-01 3.509383E-01 5.026572E-01
12 1.844550E-10 4.823589E-10 4.372639E-11 7.385292E-12 1.495920E-01 3.535776E-01 4.968304E-01
##---
37 2.3 2.4  : i wavelength min & max
# iz ExtRayleigh absg(1) absg(2) absg(3) wkd(1) wkd(2) wkd(3)
1 3.377557E-08 2.632621E-04 2.794840E-05 9.365622E-06 1.745398E-01 3.529360E-01 4.725242E-01
2 3.013858E-08 1.821068E-04 1.904251E-05 6.095951E-06 1.725787E-01 3.533858E-01 4.740355E-01
3 2.685405E-08 1.258729E-04 1.294686E-05 3.916627E-06 1.704901E-01 3.538654E-01 4.756444E-01
4 2.399699E-08 8.414100E-05 8.463406E-06 2.344391E-06 1.676742E-01 3.545111E-01 4.778147E-01
5 2.034077E-08 4.807867E-05 4.683143E-06 1.119653E-06 1.634956E-01 3.554679E-01 4.810365E-01
6 1.615206E-08 2.511539E-05 2.348173E-06 4.627533E-07 1.584907E-01 3.566164E-01 4.848928E-01
7 1.267642E-08 1.418924E-05 1.289994E-06 2.246306E-07 1.553303E-01 3.573479E-01 4.873218E-01
8 9.617660E-09 8.105919E-06 7.314344E-07 1.233285E-07 1.545657E-01 3.575356E-01 4.878987E-01
9 6.136564E-09 3.410499E-06 3.071569E-07 5.135859E-08 1.544203E-01 3.575930E-01 4.879867E-01
10 3.305452E-09 1.053566E-06 9.487537E-08 1.585397E-08 1.544536E-01 3.576119E-01 4.879346E-01
11 1.194920E-09 1.136298E-07 1.023298E-08 1.710149E-09 1.544735E-01 3.576186E-01 4.879080E-01
12 1.549647E-10 1.137875E-09 1.024816E-10 1.713019E-11 1.544707E-01 3.576052E-01 4.879240E-01
##---
38 2.4 2.5  : i wavelength min & max
# iz ExtRayleigh absg(1) absg(2) absg(3) wkd(1) wkd(2) wkd(3)
1 2.858297E-08 3.076157E-03 3.114794E-04 8.377372E-05 1.983534E-01 3.475311E-01 4.541154E-01
2 2.550513E-08 1.915182E-03 1.939079E-04 5.216667E-05 1.983111E-01 3.475407E-01 4.541481E-01
3 2.272556E-08 1.155850E-03 1.170196E-04 3.149852E-05 1.982506E-01 3.475544E-01 4.541950E-01
4 2.030774E-08 6.130967E-04 6.209211E-05 1.675491E-05 1.981310E-01 3.475814E-01 4.542874E-01
5 1.721361E-08 2.159793E-04 2.194390E-05 6.000420E-06 1.978067E-01 3.476548E-01 4.545385E-01
6 1.366888E-08 4.253332E-05 4.344447E-06 1.217853E-06 1.967998E-01 3.478805E-01 4.553196E-01
7 1.072757E-08 5.441879E-06 5.589670E-07 1.596749E-07 1.943953E-01 3.484004E-01 4.572043E-01
8 8.139059E-09 8.868703E-07 9.199416E-08 2.525934E-08 1.917241E-01 3.488885E-01 4.593874E-01
9 5.193140E-09 1.526386E-07 1.613695E-08 3.893582E-09 1.889309E-01 3.491360E-01 4.619330E-01
10 2.797278E-09 4.211871E-08 4.468911E-09 1.046956E-09 1.883958E-01 3.491441E-01 4.624600E-01
11 1.011215E-09 4.769507E-09 5.032676E-10 1.176129E-10 1.884196E-01 3.491016E-01 4.624787E-01
12 1.311407E-10 6.232821E-11 6.347278E-12 1.418798E-12 1.890083E-01 3.489678E-01 4.620238E-01
##---
39 2.5 2.6  : i wavelength min & max
# iz ExtRayleigh absg(1) absg(2) absg(3) wkd(1) wkd(2) wkd(3)
1 2.435121E-08 4.595376E-01 4.347725E-02 9.186517E-03 1.984993E-01 3.474977E-01 4.540029E-01
2 2.172904E-08 2.860204E-01 2.708844E-02 5.747868E-03 1.984991E-01 3.474977E-01 4.540033E-01
3 1.936099E-08 1.725387E-01 1.635847E-02 3.486444E-03 1.984987E-01 3.474975E-01 4.540037E-01
4 1.730113E-08 9.142446E-02 8.682609E-03 1.863204E-03 1.984980E-01 3.474973E-01 4.540046E-01
5 1.466510E-08 3.210036E-02 3.060437E-03 6.670177E-04 1.984960E-01 3.474964E-01 4.540074E-01
6 1.164517E-08 6.244967E-03 5.991063E-04 1.337751E-04 1.984867E-01 3.474929E-01 4.540204E-01
7 9.139329E-09 7.597074E-04 7.344063E-05 1.687121E-05 1.984313E-01 3.474709E-01 4.540977E-01
8 6.934054E-09 1.067634E-04 1.037012E-05 2.420179E-06 1.982154E-01 3.473849E-01 4.543997E-01
9 4.424284E-09 1.275411E-05 1.240699E-06 2.895622E-07 1.975333E-01 3.471159E-01 4.553508E-01
10 2.383135E-09 3.200312E-06 3.110765E-07 7.244639E-08 1.974421E-01 3.470954E-01 4.554625E-01
11 8.615024E-10 3.760829E-07 3.636941E-08 8.348228E-09 1.976137E-01 3.471938E-01 4.551925E-01
12 1.117250E-10 5.836442E-09 5.513856E-10 1.161491E-10 1.978828E-01 3.473331E-01 4.547840E-01
##---
40 2.6 2.7  : i wavelength min & max
# iz ExtRayleigh absg(1) absg(2) absg(3) wkd(1) wkd(2) wkd(3)
1 2.087455E-08 1.583427E+00 1.471567E-01 2.888815E-02 1.954496E-01 3.475813E-01 4.569691E-01
2 1.862676E-08 9.957027E-01 9.260324E-02 1.820894E-02 1.947522E-01 3.476003E-01 4.576475E-01
3 1.659680E-08 6.093218E-01 5.673194E-02 1.116913E-02 1.938360E-01 3.476251E-01 4.585388E-01
4 1.483103E-08 3.318493E-01 3.098661E-02 6.108033E-03 1.922547E-01 3.476679E-01 4.600773E-01
5 1.257134E-08 1.251485E-01 1.182502E-02 2.335313E-03 1.889938E-01 3.477551E-01 4.632511E-01
6 9.982574E-09 3.075274E-02 3.064661E-03 5.999448E-04 1.831082E-01 3.479045E-01 4.689873E-01
7 7.834495E-09 7.862880E-03 8.903071E-04 1.685100E-04 1.765580E-01 3.480078E-01 4.754342E-01
8 5.944070E-09 3.416500E-03 4.126691E-04 7.586178E-05 1.716365E-01 3.478512E-01 4.805123E-01
9 3.792624E-09 1.440866E-03 1.746693E-04 3.144753E-05 1.667504E-01 3.471245E-01 4.861251E-01
10 2.042892E-09 4.913461E-04 5.947506E-05 1.067666E-05 1.659368E-01 3.470369E-01 4.870263E-01
11 7.385046E-10 7.516407E-05 9.113529E-06 1.636586E-06 1.659785E-01 3.472348E-01 4.867866E-01
12 9.577390E-11 2.000132E-06 2.433298E-07 4.373121E-08 1.662300E-01 3.475392E-01 4.862307E-01
##---
41 2.7 2.8  : i wavelength min & max
# iz ExtRayleigh absg(1) absg(2) absg(3) wkd(1) wkd(2) wkd(3)
1 1.799691E-08 7.816614E-01 7.324043E-02 1.495360E-02 1.911057E-01 3.477027E-01 4.611916E-01
2 1.605898E-08 4.992244E-01 4.677356E-02 9.541130E-03 1.893797E-01 3.477505E-01 4.628698E-01
3 1.430886E-08 3.121631E-01 2.924492E-02 5.950337E-03 1.870907E-01 3.478138E-01 4.650954E-01
4 1.278651E-08 1.770791E-01 1.659595E-02 3.356372E-03 1.830788E-01 3.479248E-01 4.689964E-01
5 1.083833E-08 7.389571E-02 6.952972E-03 1.384086E-03 1.745346E-01 3.481614E-01 4.773040E-01
6 8.606436E-09 2.376438E-02 2.268830E-03 4.298306E-04 1.579541E-01 3.486202E-01 4.934256E-01
7 6.754478E-09 9.444095E-03 8.980124E-04 1.579164E-04 1.383150E-01 3.491637E-01 5.125214E-01
8 5.124656E-09 5.114906E-03 4.717033E-04 7.998545E-05 1.283119E-01 3.494405E-01 5.222476E-01
9 3.269795E-09 2.277667E-03 2.065928E-04 3.460208E-05 1.247060E-01 3.495404E-01 5.257537E-01
10 1.761271E-09 7.797915E-04 7.059041E-05 1.180770E-05 1.243132E-01 3.495513E-01 5.261354E-01
11 6.366987E-10 1.200161E-04 1.085003E-05 1.813201E-06 1.240560E-01 3.495587E-01 5.263853E-01
12 8.257108E-11 3.224451E-06 2.909538E-07 4.855267E-08 1.236977E-01 3.495689E-01 5.267334E-01
##---
42 2.8 2.9  : i wavelength min & max
# iz ExtRayleigh absg(1) absg(2) absg(3) wkd(1) wkd(2) wkd(3)
1 1.559857E-08 8.114626E-02 7.724649E-03 1.638526E-03 1.949336E-01 3.467494E-01 4.583170E-01
2 1.391890E-08 5.121990E-02 4.882192E-03 1.035752E-03 1.939279E-01 3.465164E-01 4.595557E-01
3 1.240201E-08 3.152549E-02 3.009205E-03 6.375590E-04 1.924989E-01 3.461786E-01 4.613225E-01
4 1.108253E-08 1.738699E-02 1.663055E-03 3.507673E-04 1.896886E-01 3.454892E-01 4.648222E-01
5 9.393975E-09 6.826369E-03 6.547647E-04 1.358467E-04 1.820946E-01 3.434824E-01 4.744230E-01
6 7.459509E-09 1.953729E-03 1.855123E-04 3.558970E-05 1.596577E-01 3.370089E-01 5.033334E-01
7 5.854350E-09 7.142107E-04 6.269342E-05 1.014532E-05 1.204018E-01 3.249395E-01 5.546588E-01
8 4.441724E-09 3.847187E-04 3.118574E-05 4.597970E-06 1.009258E-01 3.190709E-01 5.800033E-01
9 2.834049E-09 1.699176E-04 1.333986E-05 1.907096E-06 9.541892E-02 3.178876E-01 5.866934E-01
10 1.526557E-09 5.653767E-05 4.449615E-06 6.354874E-07 9.671694E-02 3.196049E-01 5.836781E-01
11 5.518497E-10 8.180323E-06 6.569355E-07 9.515036E-08 1.011896E-01 3.243399E-01 5.744706E-01
12 7.156734E-11 1.934255E-07 1.657908E-08 2.563832E-09 1.130977E-01 3.368519E-01 5.500504E-01
##---
43 2.9 3  : i wavelength min & max
# iz ExtRayleigh absg(1) absg(2) absg(3) wkd(1) wkd(2) wkd(3)
1 1.358683E-08 7.505481E-03 7.288998E-04 1.725547E-04 1.946928E-01 3.490864E-01 4.562208E-01
2 1.212379E-08 4.655899E-03 4.527773E-04 1.077234E-04 1.945037E-01 3.489923E-01 4.565040E-01
3 1.080253E-08 2.800959E-03 2.727727E-04 6.523062E-05 1.942248E-01 3.488533E-01 4.569220E-01
4 9.653223E-09 1.481399E-03 1.445800E-04 3.484380E-05 1.936392E-01 3.485604E-01 4.578004E-01
5 8.182439E-09 5.212494E-04 5.113164E-05 1.254172E-05 1.917951E-01 3.476306E-01 4.605743E-01
6 6.497460E-09 1.059524E-04 1.045124E-05 2.605370E-06 1.839682E-01 3.436528E-01 4.723789E-01
7 5.099318E-09 1.691745E-05 1.670957E-06 3.990845E-07 1.527578E-01 3.276245E-01 5.196177E-01
8 3.868877E-09 4.569493E-06 4.577427E-07 9.638860E-08 1.095263E-01 3.052034E-01 5.852703E-01
9 2.468544E-09 1.432712E-06 1.412817E-07 2.622742E-08 8.007808E-02 2.900293E-01 6.298925E-01
10 1.329678E-09 3.802456E-07 3.725946E-08 6.865192E-09 8.101743E-02 2.915078E-01 6.274747E-01
11 4.806780E-10 3.580763E-08 3.504047E-09 6.528041E-10 9.218993E-02 3.001731E-01 6.076369E-01
12 6.233734E-11 4.257042E-10 4.161555E-11 7.584175E-12 1.222575E-01 3.240891E-01 5.536534E-01
##---
44 3 3.1  : i wavelength min & max
# iz ExtRayleigh absg(1) absg(2) absg(3) wkd(1) wkd(2) wkd(3)
1 1.188926E-08 8.408573E-03 7.986949E-04 1.715430E-04 1.945005E-01 3.497968E-01 4.557026E-01
2 1.060901E-08 5.197646E-03 4.943578E-04 1.067531E-04 1.944881E-01 3.497925E-01 4.557194E-01
3 9.452831E-09 3.113760E-03 2.965668E-04 6.440382E-05 1.944699E-01 3.497860E-01 4.557440E-01
4 8.447123E-09 1.635340E-03 1.560836E-04 3.418565E-05 1.944319E-01 3.497724E-01 4.557957E-01
5 7.160103E-09 5.649326E-04 5.417997E-05 1.209831E-05 1.943123E-01 3.497282E-01 4.559595E-01
6 5.685649E-09 1.077510E-04 1.040904E-05 2.394473E-06 1.937784E-01 3.495252E-01 4.566963E-01
7 4.462195E-09 1.306828E-05 1.269213E-06 3.005693E-07 1.909568E-01 3.484359E-01 4.606072E-01
8 3.385489E-09 1.932228E-06 1.878611E-07 4.454956E-08 1.838693E-01 3.458131E-01 4.703175E-01
9 2.160117E-09 2.661018E-07 2.661339E-08 6.156179E-09 1.741873E-01 3.426771E-01 4.831356E-01
10 1.163544E-09 6.973035E-08 7.016163E-09 1.607654E-09 1.715212E-01 3.417777E-01 4.867010E-01
11 4.206208E-10 8.602931E-09 8.674635E-10 1.962883E-10 1.680984E-01 3.402604E-01 4.916411E-01
12 5.454874E-11 1.560860E-10 1.599056E-11 3.415197E-12 1.644021E-01 3.398783E-01 4.957196E-01
##---
45 3.1 3.2  : i wavelength min & max
# iz ExtRayleigh absg(1) absg(2) absg(3) wkd(1) wkd(2) wkd(3)
1 1.044875E-08 4.616474E-03 4.499211E-04 1.081513E-04 1.932916E-01 3.499984E-01 4.567099E-01
2 9.323617E-09 2.865977E-03 2.795193E-04 6.762673E-05 1.929406E-01 3.500474E-01 4.570120E-01
3 8.307523E-09 1.727597E-03 1.685373E-04 4.102977E-05 1.924475E-01 3.501098E-01 4.574426E-01
4 7.423667E-09 9.185668E-04 8.958577E-05 2.199110E-05 1.915142E-01 3.502179E-01 4.582680E-01
5 6.292582E-09 3.285757E-04 3.201291E-05 7.980809E-06 1.891437E-01 3.503815E-01 4.604748E-01
6 4.996774E-09 7.112262E-05 6.890161E-06 1.712983E-06 1.827989E-01 3.500986E-01 4.671025E-01
7 3.921554E-09 1.422524E-05 1.372429E-06 3.030856E-07 1.675696E-01 3.449464E-01 4.874839E-01
8 2.975302E-09 5.813514E-06 5.423867E-07 9.717319E-08 1.383822E-01 3.249426E-01 5.366753E-01
9 1.898397E-09 3.051509E-06 2.619196E-07 4.077826E-08 9.846406E-02 2.913401E-01 6.101959E-01
10 1.022569E-09 1.710474E-06 1.456533E-07 2.328406E-08 6.499091E-02 2.588746E-01 6.761344E-01
11 3.696582E-10 5.603266E-07 5.018986E-08 8.340484E-09 4.014288E-02 2.342390E-01 7.256182E-01
12 4.793960E-11 2.066136E-08 1.896791E-09 3.175956E-10 3.149564E-02 2.255923E-01 7.429121E-01
##---
46 3.2 3.3  : i wavelength min & max
# iz ExtRayleigh absg(1) absg(2) absg(3) wkd(1) wkd(2) wkd(3)
1 9.219979E-09 7.896774E-03 7.503260E-04 1.641675E-04 1.920051E-01 3.501624E-01 4.578324E-01
2 8.227163E-09 4.948546E-03 4.700489E-04 1.031769E-04 1.912802E-01 3.502518E-01 4.584680E-01
3 7.330561E-09 3.023758E-03 2.869273E-04 6.310354E-05 1.902516E-01 3.503604E-01 4.593879E-01
4 6.550645E-09 1.652164E-03 1.563798E-04 3.440116E-05 1.882869E-01 3.505405E-01 4.611726E-01
5 5.552576E-09 6.383576E-04 6.001886E-05 1.311375E-05 1.832071E-01 3.507121E-01 4.660807E-01
6 4.409155E-09 1.779293E-04 1.644414E-05 3.386267E-06 1.702013E-01 3.496647E-01 4.801338E-01
7 3.460380E-09 6.214485E-05 5.634654E-06 1.013706E-06 1.495997E-01 3.432819E-01 5.071183E-01
8 2.625408E-09 3.425902E-05 3.109654E-06 5.331686E-07 1.318775E-01 3.308255E-01 5.372970E-01
9 1.675146E-09 1.689507E-05 1.626228E-06 2.950847E-07 1.150146E-01 3.146999E-01 5.702854E-01
10 9.023151E-10 7.986663E-06 9.166121E-07 1.858188E-07 9.364781E-02 2.920710E-01 6.142811E-01
11 3.261865E-10 2.537614E-06 3.375562E-07 6.738156E-08 6.324515E-02 2.596960E-01 6.770588E-01
12 4.230192E-11 1.184730E-07 1.377100E-08 2.484998E-09 4.071240E-02 2.356758E-01 7.236118E-01
##---
47 3.3 3.4  : i wavelength min & max
# iz ExtRayleigh absg(1) absg(2) absg(3) wkd(1) wkd(2) wkd(3)
1 8.166668E-09 2.395189E-03 2.306036E-04 5.436852E-05 1.836789E-01 3.517964E-01 4.645247E-01
2 7.287273E-09 1.580738E-03 1.517938E-04 3.542756E-05 1.816920E-01 3.521428E-01 4.661652E-01
3 6.493100E-09 1.034669E-03 9.902709E-05 2.275133E-05 1.792951E-01 3.525410E-01 4.681638E-01
4 5.802284E-09 6.382940E-04 6.077689E-05 1.355618E-05 1.755958E-01 3.531248E-01 4.712793E-01
5 4.918237E-09 3.210445E-04 3.028668E-05 6.349458E-06 1.689888E-01 3.539315E-01 4.770798E-01
6 3.905443E-09 1.467779E-04 1.358035E-05 2.551233E-06 1.593327E-01 3.541369E-01 4.865304E-01
7 3.065058E-09 7.969041E-05 7.241914E-06 1.251235E-06 1.502452E-01 3.511092E-01 4.986455E-01
8 2.325475E-09 4.827926E-05 4.384442E-06 7.459525E-07 1.407093E-01 3.424787E-01 5.168121E-01
9 1.483773E-09 2.373456E-05 2.194542E-06 3.807769E-07 1.248350E-01 3.258338E-01 5.493312E-01
10 7.992325E-10 1.090299E-05 1.085097E-06 1.990160E-07 9.640390E-02 2.954369E-01 6.081592E-01
11 2.889222E-10 3.059868E-06 3.414787E-07 6.337324E-08 6.067181E-02 2.572082E-01 6.821200E-01
12 3.746925E-11 1.219243E-07 1.291457E-08 2.267365E-09 3.910721E-02 2.341328E-01 7.267601E-01
##---
48 3.4 3.5  : i wavelength min & max
# iz ExtRayleigh absg(1) absg(2) absg(3) wkd(1) wkd(2) wkd(3)
1 7.259584E-09 3.067172E-04 3.258310E-05 9.987537E-06 1.688951E-01 3.547974E-01 4.763074E-01
2 6.477864E-09 2.266633E-04 2.356737E-05 6.821518E-06 1.665361E-01 3.552546E-01 4.782093E-01
3 5.771902E-09 1.684619E-04 1.711603E-05 4.633937E-06 1.641957E-01 3.557067E-01 4.800976E-01
4 5.157816E-09 1.240607E-04 1.223647E-05 3.012493E-06 1.614004E-01 3.562454E-01 4.823542E-01
5 4.371961E-09 8.056351E-05 7.654872E-06 1.641602E-06 1.581223E-01 3.568665E-01 4.850112E-01
6 3.471659E-09 4.695440E-05 4.313493E-06 7.978670E-07 1.555683E-01 3.573170E-01 4.871147E-01
7 2.724618E-09 2.770668E-05 2.506037E-06 4.286055E-07 1.544880E-01 3.573990E-01 4.881129E-01
8 2.067181E-09 1.600124E-05 1.442727E-06 2.423465E-07 1.540284E-01 3.571475E-01 4.888240E-01
9 1.318968E-09 6.819231E-06 6.149160E-07 1.030082E-07 1.528938E-01 3.560773E-01 4.910288E-01
10 7.104605E-10 2.206450E-06 1.997305E-07 3.369171E-08 1.480015E-01 3.513979E-01 5.006005E-01
11 2.568312E-10 3.109099E-07 2.872684E-08 4.975020E-09 1.236938E-01 3.290190E-01 5.472872E-01
12 3.330748E-11 5.423932E-09 5.316067E-10 9.596671E-11 9.083440E-02 2.986097E-01 6.105559E-01
##---
49 3.5 3.6  : i wavelength min & max
# iz ExtRayleigh absg(1) absg(2) absg(3) wkd(1) wkd(2) wkd(3)
1 6.475029E-09 3.174579E-04 3.305763E-05 9.569549E-06 1.783522E-01 3.470181E-01 4.746297E-01
2 5.777792E-09 2.124281E-04 2.198707E-05 6.249116E-06 1.748151E-01 3.463120E-01 4.788730E-01
3 5.148123E-09 1.415761E-04 1.452555E-05 4.017268E-06 1.704436E-01 3.453670E-01 4.841894E-01
4 4.600403E-09 9.002724E-05 9.097863E-06 2.393934E-06 1.636033E-01 3.437678E-01 4.926290E-01
5 3.899477E-09 4.801176E-05 4.722493E-06 1.123891E-06 1.515714E-01 3.400437E-01 5.083848E-01
6 3.096472E-09 2.376188E-05 2.257588E-06 4.575975E-07 1.360804E-01 3.321962E-01 5.317234E-01
7 2.430164E-09 1.370529E-05 1.288352E-06 2.383991E-07 1.229709E-01 3.171549E-01 5.598742E-01
8 1.843778E-09 8.637850E-06 8.356785E-07 1.636104E-07 1.098006E-01 2.914105E-01 5.987890E-01
9 1.176425E-09 4.245407E-06 4.564101E-07 1.095055E-07 9.361619E-02 2.566284E-01 6.497554E-01
10 6.336800E-10 1.582898E-06 2.537441E-07 8.903805E-08 7.723185E-02 2.211528E-01 7.016153E-01
11 2.290751E-10 2.053399E-07 1.002267E-07 4.718621E-08 6.742923E-02 2.010548E-01 7.315159E-01
12 2.970789E-11 3.114161E-09 5.632084E-09 2.744387E-09 6.166827E-02 1.905368E-01 7.477950E-01
##---
50 3.6 3.7  : i wavelength min & max
# iz ExtRayleigh absg(1) absg(2) absg(3) wkd(1) wkd(2) wkd(3)
1 5.793667E-09 2.414452E-04 2.610631E-05 8.462396E-06 1.887321E-01 3.495405E-01 4.617274E-01
2 5.169799E-09 1.537920E-04 1.661919E-05 5.390200E-06 1.872279E-01 3.494078E-01 4.633642E-01
3 4.606390E-09 9.610870E-05 1.036134E-05 3.347945E-06 1.851984E-01 3.491602E-01 4.656414E-01
4 4.116306E-09 5.475412E-05 5.869515E-06 1.872878E-06 1.816266E-01 3.486387E-01 4.697347E-01
5 3.489138E-09 2.342642E-05 2.478657E-06 7.600075E-07 1.736248E-01 3.465784E-01 4.797969E-01
6 2.770632E-09 8.277421E-06 8.477270E-07 2.276696E-07 1.576403E-01 3.392115E-01 5.031481E-01
7 2.174440E-09 3.876319E-06 3.843141E-07 8.821620E-08 1.360457E-01 3.194213E-01 5.445330E-01
8 1.649758E-09 2.427177E-06 2.484293E-07 5.964684E-08 1.143664E-01 2.853295E-01 6.003041E-01
9 1.052631E-09 1.262460E-06 1.508293E-07 4.404888E-08 9.105663E-02 2.434013E-01 6.655421E-01
10 5.669983E-10 5.509802E-07 1.084669E-07 3.881168E-08 6.530838E-02 1.960313E-01 7.386604E-01
11 2.049696E-10 1.126043E-07 6.204277E-08 2.019704E-08 3.826440E-02 1.468584E-01 8.148772E-01
12 2.658175E-11 4.267047E-09 4.746386E-09 1.123750E-09 1.651784E-02 1.074862E-01 8.759960E-01
##---
51 3.7 3.8  : i wavelength min & max
# iz ExtRayleigh absg(1) absg(2) absg(3) wkd(1) wkd(2) wkd(3)
1 5.199625E-09 1.440026E-04 1.811115E-05 7.748496E-06 1.909792E-01 3.504568E-01 4.585640E-01
2 4.639724E-09 9.137399E-05 1.161233E-05 5.048245E-06 1.900141E-01 3.506330E-01 4.593529E-01
3 4.134083E-09 5.679511E-05 7.301175E-06 3.228921E-06 1.886910E-01 3.508746E-01 4.604343E-01
4 3.694249E-09 3.204850E-05 4.196962E-06 1.905837E-06 1.862594E-01 3.513190E-01 4.624216E-01
5 3.131386E-09 1.340019E-05 1.824239E-06 8.715446E-07 1.806424E-01 3.523472E-01 4.670104E-01
6 2.486552E-09 4.482260E-06 6.451423E-07 3.285079E-07 1.691853E-01 3.544489E-01 4.763657E-01
7 1.951488E-09 1.881298E-06 2.794634E-07 1.473032E-07 1.579102E-01 3.565280E-01 4.855618E-01
8 1.480604E-09 9.996555E-07 1.479554E-07 7.779906E-08 1.543913E-01 3.571683E-01 4.884404E-01
9 9.447017E-10 4.135898E-07 5.976067E-08 3.062896E-08 1.534206E-01 3.573019E-01 4.892775E-01
10 5.088623E-10 1.279779E-07 1.802128E-08 8.965955E-09 1.531971E-01 3.571938E-01 4.896091E-01
11 1.839535E-10 1.419679E-08 1.994289E-09 9.876738E-10 1.524553E-01 3.564675E-01 4.910772E-01
12 2.385625E-11 1.630037E-10 2.250026E-11 1.078023E-11 1.490926E-01 3.525012E-01 4.984061E-01
##---
52 3.8 3.9  : i wavelength min & max
# iz ExtRayleigh absg(1) absg(2) absg(3) wkd(1) wkd(2) wkd(3)
1 4.679813E-09 1.650805E-04 2.683575E-05 1.148793E-05 1.161301E-01 3.087051E-01 5.751648E-01
2 4.175885E-09 1.217596E-04 2.009909E-05 8.322744E-06 1.132114E-01 3.075025E-01 5.792861E-01
3 3.720794E-09 9.048876E-05 1.511723E-05 6.033808E-06 1.101084E-01 3.063108E-01 5.835808E-01
4 3.324931E-09 6.706798E-05 1.130420E-05 4.303639E-06 1.058481E-01 3.048317E-01 5.893202E-01
5 2.818338E-09 4.502078E-05 7.532052E-06 2.688275E-06 9.915334E-02 3.028719E-01 5.979747E-01
6 2.237968E-09 2.842298E-05 4.534458E-06 1.509718E-06 9.059513E-02 3.010124E-01 6.083925E-01
7 1.756395E-09 1.797227E-05 2.729687E-06 8.739721E-07 8.497003E-02 3.001252E-01 6.149048E-01
8 1.332586E-09 1.050933E-05 1.570622E-06 4.956626E-07 8.359614E-02 2.999819E-01 6.164220E-01
9 8.502586E-10 4.357982E-06 6.456906E-07 2.007674E-07 8.344936E-02 3.001676E-01 6.163829E-01
10 4.579907E-10 1.149352E-06 1.717779E-07 5.513908E-08 8.470210E-02 3.013800E-01 6.139179E-01
11 1.655635E-10 9.998955E-08 1.525780E-08 5.340516E-09 8.671498E-02 3.035625E-01 6.097225E-01
12 2.147131E-11 8.268436E-10 1.257074E-10 4.954275E-11 9.021542E-02 3.080028E-01 6.017818E-01
##---
53 3.9 4  : i wavelength min & max
# iz ExtRayleigh absg(1) absg(2) absg(3) wkd(1) wkd(2) wkd(3)
1 4.223369E-09 1.236812E-04 2.881534E-05 1.855310E-05 7.218251E-02 2.888704E-01 6.389471E-01
2 3.768593E-09 9.891645E-05 2.228659E-05 1.400993E-05 7.110354E-02 2.883472E-01 6.405494E-01
3 3.357889E-09 7.901455E-05 1.724990E-05 1.058704E-05 7.021812E-02 2.879622E-01 6.418197E-01
4 3.000635E-09 6.315011E-05 1.333912E-05 7.972528E-06 6.929754E-02 2.875639E-01 6.431386E-01
5 2.543453E-09 4.523286E-05 9.191796E-06 5.321476E-06 6.819697E-02 2.869834E-01 6.448197E-01
6 2.019689E-09 2.875594E-05 5.624755E-06 3.154740E-06 6.718147E-02 2.863237E-01 6.464949E-01
7 1.585086E-09 1.771570E-05 3.389643E-06 1.867587E-06 6.655558E-02 2.858142E-01 6.476302E-01
8 1.202613E-09 1.024571E-05 1.938876E-06 1.057603E-06 6.647293E-02 2.857241E-01 6.478029E-01
9 7.673291E-10 4.213090E-06 7.860174E-07 4.218921E-07 6.686643E-02 2.860111E-01 6.471224E-01
10 4.133209E-10 1.104847E-06 2.160411E-07 1.197354E-07 6.907148E-02 2.879815E-01 6.429470E-01
11 1.494153E-10 9.592895E-08 2.107433E-08 1.263859E-08 7.378460E-02 2.924998E-01 6.337155E-01
12 1.937712E-11 8.326065E-10 2.014359E-10 1.310707E-10 8.130001E-02 2.981965E-01 6.205035E-01
