.200 7.4197998
.201 8.07717705
.202 9.30677414
.203 9.48015213
.204 9.39329052
.205 11.0019712
.206 11.2711277
.207 12.0106182
.208 14.1236343
.209 18.0610237
.210 22.2007942
.211 20.4898529
.212 42.7196732
.213 33.903553
.214 24.5088921
.215 44.9314842
.216 25.0169582
.217 27.6930218
.218 49.1075745
.219 39.8833618
.220 55.0365257
.221 35.5298424
.222 51.022644
.223 50.5006332
.224 65.0345917
.225 52.2323532
.226 45.3392105
.227 29.1408386
.228 44.3889122
.229 43.2815475
.230 37.2670746
.231 43.4172211
.232 37.5632591
.233 52.3202171
.234 38.6842422
.235 49.6332054
.236 30.7254486
.237 56.5877495
.238 36.2854767
.239 52.4621048
.240 46.7670364
.241 31.040638
.242 73.0933075
.243 76.0915222
.244 64.7653351
.245 51.6669273
.246 48.9344559
.247 56.9236832
.248 49.1915588
.249 33.4605255
.250 74.0650024
.251 67.6716843
.252 44.1546402
.253 38.2485275
.254 59.0533867
.255 53.5083427
.256 101.212234
.257 136.424713
.258 150.585312
.259 167.148224
.260 52.1467209
.261 112.949249
.262 120.831177
.263 96.2844162
.264 284.368011
.265 206.155823
.266 294.394348
.267 244.127533
.268 224.826523
.269 226.522018
.270 311.282074
.271 271.480682
.272 122.995689
.273 321.431061
.274 146.406464
.275 110.825485
.276 303.782501
.277 257.0755
.278 173.061707
.279 122.005707
.280 80.0084305
.281 177.456787
.282 317.635773
.283 383.52832
.284 350.580902
.285 120.972504
.286 343.601013
.287 389.211487
.288 265.994568
.289 445.328064
.290 690.292419
.291 619.041565
.292 618.563416
.293 603.741089
.294 537.770508
.295 485.01535
.296 630.340088
.297 421.605957
.298 584.069336
.299 669.707031
.300 358.544037
.301 490.427917
.302 273.474182
.303 676.046936
.304 650.279785
.305 725.352295
.306 517.204834
.307 777.735046
.308 749.477295
.309 623.977539
.310 419.787445
.311 889.749695
.312 665.140381
.313 779.141785
.314 910.657654
.315 834.889771
.316 499.971283
.317 861.695679
.318 582.313477
.319 880.433838
.320 851.660034
.321 726.1745
.322 957.924683
.323 646.921936
.324 840.396362
.325 809.43335
.326 1134.44409
.327 1008.62158
.328 982.284302
.329 1121.07593
.330 1294.33093
.331 1074.3291
.332 1051.42334
.333 987.367554
.334 999.345398
.335 934.107849
.336 572.747559
.337 724.119141
.338 790.730103
.339 1069.22412
.340 1241.90405
.341 1027.67139
.342 1200.72644
.343 1254.77588
.344 733.207397
.345 1111.81604
.346 856.662231
.347 1159.979
.348 1053.46216
.349 836.916504
.350 1184.94458
.351 1102.15625
.352 890.512146
.353 985.552124
.354 1154.86987
.355 1105.3418
.356 986.701599
.357 945.420349
.358 705.36084
.359 869.808838
.360 1130.93286
.361 874.820984
.362 1056.97095
.363 1095.63135
.364 935.168091
.365 1155.573
.366 1275.94031
.367 1247.63025
.368 1119.19531
.369 1232.40027
.370 1203.4834
.371 1179.94299
.372 1238.21338
.373 924.850952
.374 818.415039
.375 1026.23193
.376 1131.94507
.377 1172.52222
.378 1379.61499
.379 1140.21851
.380 1124.58386
.381 1260.91418
.382 902.254333
.383 646.987549
.384 869.978149
.385 1009.87732
.386 1005.32587
.387 1046.01624
.388 901.8573
.389 1048.36938
.390 1373.26953
.391 1470.63306
.392 1224.81958
.393 637.873413
.394 717.408447
.395 1383.47302
.396 997.887878
.397 732.623657
.398 1333.67847
.399 1634.45044
.400 1643.5
.401 1720.13513
.402 1828.3501
.403 1736.85205
.404 1612.50952
.405 1637.78442
.406 1671.65503
.407 1552.82422
.408 1685.51904
.409 1821.92041
.410 1557.27271
.411 1651.26111
.412 1843.92017
.413 1766.28064
.414 1754.60278
.415 1723.03052
.416 1809.8186
.417 1766.19263
.418 1658.84985
.419 1700.56689
.420 1723.48511
.421 1809.98328
.422 1686.16687
.423 1623.04248
.424 1768.36182
.425 1732.48975
.426 1705.89062
.427 1638.35815
.428 1567.84448
.429 1585.20459
.430 1244.60449
.431 1393.29517
.432 1717.61511
.433 1679.11853
.434 1717.48376
.435 1671.89929
.436 1841.02771
.437 1918.44287
.438 1647.65466
.439 1698.35632
.440 1782.83484
.441 1802.17163
.442 1993.69824
.443 1937.88477
.444 1954.48999
.445 1908.03296
.446 1826.15613
.447 2009.36182
.448 2041.46069
.449 1981.99243
.450 2097.70679
.451 2155.34692
.452 2021.7417
.453 1947.30957
.454 1981.2699
.455 2008.30737
.456 2060.27539
.457 2108.25513
.458 2039.29199
.459 1980.72168
.460 2036.04333
.461 2048.2981
.462 2089.18506
.463 2089.11987
.464 1997.1543
.465 2023.58472
.466 1984.25146
.467 1963.29053
.468 2017.49988
.469 2005.31177
.470 1928.26709
.471 1939.03687
.472 2054.93408
.473 2013.49268
.474 2022.88477
.475 2053.08545
.476 1973.95874
.477 2024.78943
.478 2050.8042
.479 2043.80859
.480 2062.36401
.481 2067.83472
.482 2066.99316
.483 2021.61316
.484 2006.57544
.485 1921.51648
.486 1706.07166
.487 1710.57751
.488 1895.97498
.489 1937.03943
.490 2001.85791
.491 1957.70203
.492 1896.75537
.493 1881.328
.494 1990.35767
.495 2004.28308
.496 1957.72925
.497 2049.8772
.498 1932.80322
.499 1919.37646
.500 1935.5
.501 1821.60107
.502 1852.0199
.503 1934.30884
.504 1897.01257
.505 1932.1864
.506 1998.1394
.507 1931.69995
.508 1915.03894
.509 1923.49048
.510 1929.04712
.511 1990.16772
.512 1940.6355
.513 1858.40808
.514 1867.92517
.515 1912.40564
.516 1783.54761
.517 1693.29761
.518 1687.46667
.519 1740.15796
.520 1842.51501
.521 1876.71924
.522 1872.44067
.523 1851.1582
.524 1934.5365
.525 1975.224
.526 1793.23962
.527 1730.17456
.528 1883.62671
.529 1912.53064
.530 1935.74414
.531 1982.42896
.532 1859.04236
.533 1846.4281
.534 1896.67822
.535 1928.79871
.536 1948.8252
.537 1867.05347
.538 1905.33276
.539 1880.62927
.540 1790.11707
.541 1833.20874
.542 1862.78015
.543 1850.24792
.544 1887.46851
.545 1894.45386
.546 1900.6947
.547 1857.21289
.548 1847.32019
.549 1889.41577
.550 1883.45947
.551 1871.30505
.552 1862.78516
.553 1866.49927
.554 1896.66235
.555 1908.88623
.556 1860.2251
.557 1836.8833
.558 1823.62573
.559 1795.02979
.560 1834.89734
.561 1838.25
.562 1839.42761
.563 1862.10095
.564 1866.61572
.565 1829.86902
.566 1809.45984
.567 1871.97693
.568 1850.31714
.569 1839.22388
.570 1820.35632
.571 1788.61365
.572 1869.32947
.573 1892.47339
.574 1877.50525
.575 1852.8822
.576 1838.15356
.577 1863.1145
.578 1821.88904
.579 1805.0293
.580 1841.56958
.581 1848.72583
.582 1870.8407
.583 1869.9989
.584 1868.69604
.585 1825.37195
.586 1805.58984
.587 1851.7915
.588 1815.38672
.589 1666.42725
.590 1712.72974
.591 1818.39246
.592 1798.16345
.593 1810.56982
.594 1788.02222
.595 1779.86133
.596 1800.34399
.597 1800.22949
.598 1769.85681
.599 1770.86548
.600 1764.14001
.601 1753.12634
.602 1736.22791
.603 1757.19556
.604 1792.36609
.605 1773.52051
.606 1765.47595
.607 1763.62939
.608 1753.54199
.609 1750.16016
.610 1726.02856
.611 1729.54517
.612 1732.90955
.613 1692.38062
.614 1700.28809
.615 1727.01062
.616 1661.90906
.617 1657.39844
.618 1727.87598
.619 1717.73779
.620 1726.41602
.621 1714.46875
.622 1704.12
.623 1695.47266
.624 1665.16821
.625 1644.40015
.626 1666.17236
.627 1703.57703
.628 1701.51123
.629 1692.72461
.630 1666.23572
.631 1644.78052
.632 1644.34741
.633 1654.47644
.634 1660.01196
.635 1659.95068
.636 1658.17676
.637 1658.21765
.638 1659.82556
.639 1653.80554
.640 1635.76733
.641 1619.1709
.642 1617.54468
.643 1624.7323
.644 1630.17822
.645 1630.68445
.646 1624.33838
.647 1605.86804
.648 1578.00635
.649 1565.12048
.650 1583.08203
.651 1608.24255
.652 1613.06226
.653 1603.39099
.654 1584.25903
.655 1531.01257
.656 1442.22388
.657 1396.83972
.658 1456.65564
.659 1546.70752
.660 1583.02368
.661 1575.64404
.662 1563.21179
.663 1559.73511
.664 1563.55981
.665 1562.75586
.666 1550.41003
.667 1540.94482
.668 1545.05322
.669 1547.89062
.670 1535.71118
.671 1521.52234
.672 1520.54236
.673 1524.18982
.674 1520.69775
.675 1514.57458
.676 1512.49939
.677 1511.54138
.678 1507.55566
.679 1502.27234
.680 1498.63562
.681 1495.94604
.682 1491.62915
.683 1482.50317
.684 1468.83142
.685 1460.26501
.686 1463.38135
.687 1470.21423
.688 1470.62671
.689 1464.83594
.690 1457.47437
.691 1452.52917
.692 1451.54919
.693 1451.61316
.694 1448.3335
.695 1439.3562
.696 1427.2644
.697 1421.74805
.698 1426.396
.699 1426.62061
.700 1410.95825
.701 1391.70288
.702 1385.04382
.703 1392.7616
.704 1407.55017
.705 1417.45703
.706 1414.77588
.707 1404.20752
.708 1393.90515
.709 1388.65027
.710 1388.5835
.711 1388.34265
.712 1383.71814
.713 1377.41785
.714 1372.95312
.715 1369.88525
.716 1365.32922
.717 1356.23267
.718 1343.06104
.719 1332.17175
.720 1329.46741
.721 1334.30969
.722 1342.66528
.723 1350.62329
.724 1354.64429
.725 1352.08398
.726 1343.05298
.727 1331.99365
.728 1324.39795
.729 1322.65515
.730 1325.56653
.731 1328.40112
.732 1326.45447
.733 1321.0426
.734 1315.375
.735 1312.5448
.736 1312.25977
.737 1308.74353
.738 1297.60425
.739 1280.9668
.740 1266.45605
.741 1263.43518
.742 1274.57556
.743 1287.09143
.744 1287.34937
.745 1283.21436
.746 1283.85693
.747 1284.8009
.748 1280.66504
.749 1273.52454
.750 1267.99524
.751 1265.13013
.752 1263.41235
.753 1261.91833
.754 1260.19458
.755 1257.89661
.756 1254.77515
.757 1250.89685
.758 1246.73999
.759 1243.14819
.760 1240.90771
.761 1240.19604
.762 1241.11096
.763 1244.4386
.764 1245.96008
.765 1235.43091
.766 1212.10205
.767 1191.88965
.768 1192.94128
.769 1203.05933
.770 1207.26855
.771 1208.34302
.772 1210.09558
.773 1209.17737
.774 1200.5437
.775 1193.0127
.776 1194.32092
.777 1197.08679
.778 1195.37244
.779 1191.0293
.780 1190.02051
.781 1188.89197
.782 1184.28625
.783 1180.38184
.784 1180.3147
.785 1182.42908
.786 1181.90698
.787 1180.48584
.788 1179.1084
.789 1176.10742
.790 1169.74219
.791 1161.29907
.792 1153.53369
.793 1145.54456
.794 1139.29639
.795 1138.83545
.796 1147.2207
.797 1151.72485
.798 1147.31055
.799 1140.42688
.800 1140.5
.801 1143.4104
.802 1140.38892
.803 1131.91125
.804 1123.04175
.805 1119.61987
.806 1122.01331
.807 1119.54956
.808 1110.06616
.809 1100.89099
.810 1105.82312
.811 1114.8689
.812 1119.9248
.813 1117.63281
.814 1113.02454
.815 1111.62573
.816 1110.71277
.817 1104.18994
.818 1084.58203
.819 1071.78687
.820 1071.9408
.821 1080.86011
.822 1080.73389
.823 1077.62207
.824 1075.89551
.825 1077.81555
.826 1079.14465
.827 1078.55371
.828 1076.80798
.829 1075.75244
.830 1074.7439
.831 1066.52832
.832 1051.12317
.833 1039.7207
.834 1042.37292
.835 1051.71216
.836 1055.95703
.837 1052.63525
.838 1047.31384
.839 1044.12488
.840 1045.29199
.841 1043.47705
.842 1037.8186
.843 1030.76306
.844 1030.33704
.845 1033.7937
.846 1034.79297
.847 1020.48926
.848 997.176697
.849 978.647827
.850 985.755615
.851 999.606567
.852 998.785645
.853 965.348816
.854 916.376892
.855 899.400513
.856 942.684998
.857 992.345154
.858 1015.02661
.859 1001.71606
.860 996.200378
.861 996.656128
.862 999.766602
.863 1000.57971
.864 990.189087
.865 964.599365
.866 919.151794
.867 899.100586
.868 918.252319
.869 956.838623
.870 982.903809
.871 985.466736
.872 982.135376
.873 978.698975
.874 978.60614
.875 981.776733
.876 983.779907
.877 981.227722
.878 971.381592
.879 962.096313
.880 959.508667
.881 956.707458
.882 953.709229
.883 951.789551
.884 955.318054
.885 960.02002
.886 955.240601
.887 949.92981
.888 947.157959
.889 947.734741
.890 947.347534
.891 943.591003
.892 938.722046
.893 934.863403
.894 934.274109
.895 936.6474
.896 939.202637
.897 935.365967
.898 926.297302
.899 914.086914
.900 907.350281
.901 905.343262
.902 905.467468
.903 903.356079
.904 898.500427
.905 895.67749
.906 892.535767
.907 886.772949
.908 876.125854
.909 864.632935
.910 864.331787
.911 868.950867
.912 873.800964
.913 874.699646
.914 871.497253
.915 866.314209
.916 861.981812
.917 860.4104
.918 858.959595
.919 855.293701
.920 844.185913
.921 832.092224
.922 824.525635
.923 821.66449
.924 822.814392
.925 824.450806
.926 826.40033
.927 828.852173
.928 830.675415
.929 831.201294
.930 829.719482
.931 827.672974
.932 829.291504
.933 829.880981
.934 825.520386
.935 817.935669
.936 809.046143
.937 804.904297
.938 804.706665
.939 806.04657
.940 805.165649
.941 798.312683
.942 791.627563
.943 788.108093
.944 790.87616
.945 796.725281
.946 796.633667
.947 792.275513
.948 784.87854
.949 778.94751
.950 777.509033
.951 776.6875
.952 774.896606
.953 770.084961
.954 764.424988
.955 763.960388
.956 766.756836
.957 770.87616
.958 773.400146
.959 771.381104
.960 768.821411
.961 767.464966
.962 766.980713
.963 766.954529
.964 765.347656
.965 762.708618
.966 760.591736
.967 760.479248
.968 766.369568
.969 772.185974
.970 769.655762
.971 765.557556
.972 763.909607
.973 761.139099
.974 756.044373
.975 754.807983
.976 759.484497
.977 764.653259
.978 768.063477
.979 767.883728
.980 764.895508
.981 763.308289
.982 763.746704
.983 766.477722
.984 769.318237
.985 767.20166
.986 762.859863
.987 761.101685
.988 761.369995
.989 764.009949
.990 766.215027
.991 763.389648
.992 759.082886
.993 757.24707
.994 755.761108
.995 752.941895
.996 749.585938
.997 745.517944
.998 742.448608
.999 742.873901
1.000 744.289978
1.001 744.91394
1.002 745.040771
1.003 744.249268
1.004 742.9245
1.005 741.203064
1.006 739.403198
1.007 737.889587
1.008 736.666992
1.009 735.957031
1.010 735.45697
1.011 734.976807
1.012 734.298096
1.013 733.148315
1.014 731.479004
1.015 729.178406
1.016 726.278198
1.017 722.70697
1.018 718.710938
1.019 714.467224
1.020 710.430664
1.021 707.247437
1.022 705.200623
1.023 704.694092
1.024 705.505005
1.025 706.776855
1.026 707.857605
1.027 707.738281
1.028 705.750488
1.029 702.443298
1.030 697.901855
1.031 693.438171
1.032 690.214355
1.033 688.211914
1.034 688.322205
1.035 689.368774
1.036 690.565186
1.037 691.347412
1.038 690.714844
1.039 688.916016
1.040 686.482056
1.041 683.926514
1.042 682.206665
1.043 681.864868
1.044 682.394043
1.045 683.779297
1.046 684.873169
1.047 684.532837
1.048 682.868347
1.049 679.20752
1.050 674.322449
1.051 669.041382
1.052 663.908386
1.053 659.575867
1.054 656.417725
1.055 653.995972
1.056 652.208191
1.057 650.691406
1.058 648.966553
1.059 647.230103
1.060 645.47406
1.061 643.87085
1.062 642.717285
1.063 642.118225
1.064 641.949951
1.065 642.220093
1.066 642.587341
1.067 642.743958
1.068 642.648682
1.069 642.126282
1.070 641.218506
1.071 640.057922
1.072 638.717041
1.073 637.254395
1.074 635.776062
1.075 634.221924
1.076 632.580261
1.077 630.843933
1.078 628.990417
1.079 627.026001
1.080 625.01355
1.081 622.981323
1.082 621.008545
1.083 619.151306
1.084 617.484985
1.085 616.103943
1.086 615.067993
1.087 614.376648
1.088 614.208984
1.089 614.158386
1.090 614.021545
1.091 613.546875
1.092 612.330566
1.093 610.107544
1.094 607.464539
1.095 604.46814
1.096 601.805786
1.097 600.338379
1.098 600.244873
1.099 601.139771
1.100 603.170471
1.101 605.330322
1.102 606.65033
1.103 607.070801
1.104 606.58728
1.105 605.051392
1.106 603.31897
1.107 602.18396
1.108 601.55249
1.109 601.557983
1.110 602.202393
1.111 602.753296
1.112 602.518433
1.113 601.588318
1.114 599.730896
1.115 596.961365
1.116 593.847046
1.117 590.859619
1.118 588.015442
1.119 585.556824
1.120 583.538147
1.121 581.678772
1.122 579.766479
1.123 577.840881
1.124 575.81958
1.125 573.708862
1.126 571.716736
1.127 570.034668
1.128 568.641846
1.129 567.595947
1.130 566.924072
1.131 566.462463
1.132 566.126587
1.133 565.830566
1.134 565.480469
1.135 564.979248
1.136 564.312378
1.137 563.347656
1.138 562.160034
1.139 560.885437
1.140 559.5625
1.141 558.386108
1.142 557.638
1.143 557.358887
1.144 557.227661
1.145 557.184753
1.146 556.931763
1.147 556.078979
1.148 554.187988
1.149 551.972412
1.150 549.629456
1.151 547.524475
1.152 546.115601
1.153 546.515625
1.154 547.759827
1.155 549.46936
1.156 551.322449
1.157 552.693848
1.158 552.624146
1.159 551.161987
1.160 548.82489
1.161 545.618408
1.162 542.061829
1.163 538.604065
1.164 535.708862
1.165 533.307007
1.166 531.655701
1.167 530.781433
1.168 530.477783
1.169 530.837219
1.170 531.513062
1.171 532.175659
1.172 532.411072
1.173 532.269348
1.174 531.559692
1.175 530.13269
1.176 528.28418
1.177 526.104858
1.178 523.721436
1.179 521.288818
1.180 518.976929
1.181 516.870667
1.182 515.053955
1.183 513.758911
1.184 512.829834
1.185 512.248962
1.186 512.034302
1.187 512.01062
1.188 512.083008
1.189 512.152405
1.190 512.099609
1.191 511.755463
1.192 511.064667
1.193 510.064697
1.194 508.622009
1.195 506.86969
1.196 504.980804
1.197 503.094849
1.198 501.284882
1.199 499.63266
1.200 498.327148
1.201 497.273804
1.202 496.480896
1.203 496.07663
1.204 495.77417
1.205 495.413757
1.206 494.79541
1.207 494.018036
1.208 492.933594
1.209 491.415466
1.210 490.113037
1.211 489.546478
1.212 490.051117
1.213 491.155121
1.214 493.04306
1.215 495.534393
1.216 497.631409
1.217 498.248627
1.218 497.067017
1.219 494.878235
1.220 491.616333
1.221 487.642426
1.222 483.783569
1.223 481.055389
1.224 479.672424
1.225 479.094849
1.226 479.381958
1.227 480.344452
1.228 481.566254
1.229 482.663055
1.230 483.437958
1.231 483.880737
1.232 483.678955
1.233 482.822693
1.234 481.67926
1.235 480.407776
1.236 479.155945
1.237 478.05246
1.238 477.458374
1.239 477.500946
1.240 477.568787
1.241 477.277924
1.242 476.309814
1.243 475.005463
1.244 473.293182
1.245 471.018372
1.246 468.929535
1.247 467.502258
1.248 467.694092
1.249 468.485199
1.250 469.640015
1.251 471.097961
1.252 472.336731
1.253 473.011292
1.254 472.18396
1.255 470.403564
1.256 467.879242
1.257 464.573425
1.258 460.775238
1.259 456.781738
1.260 452.916443
1.261 449.339966
1.262 446.113708
1.263 443.507874
1.264 441.657318
1.265 440.24231
1.266 439.127319
1.267 438.100555
1.268 437.407806
1.269 437.103027
1.270 437.213104
1.271 437.833679
1.272 439.035645
1.273 441.56311
1.274 444.657227
1.275 447.584198
1.276 449.522308
1.277 450.188446
1.278 449.88501
1.279 448.301941
1.280 444.965088
1.281 441.247894
1.282 437.70697
1.283 435.774384
1.284 434.635559
1.285 434.224915
1.286 434.814392
1.287 436.097504
1.288 437.656342
1.289 439.121399
1.290 440.199341
1.291 441.021912
1.292 441.509338
1.293 441.256958
1.294 440.72467
1.295 440.035889
1.296 439.419403
1.297 438.886078
1.298 438.411346
1.299 438.121216
1.300 438.116028
1.301 438.043152
1.302 437.766479
1.303 436.887268
1.304 435.658325
1.305 434.134155
1.306 432.266571
1.307 430.127991
1.308 427.892426
1.309 425.670135
1.310 423.625549
1.311 421.736572
1.312 420.057587
1.313 418.730682
1.314 417.719696
1.315 416.961395
1.316 416.461395
1.317 416.249695
1.318 416.175476
1.319 416.169067
1.320 416.141449
1.321 416.047455
1.322 415.841064
1.323 415.425873
1.324 414.688202
1.325 413.78717
1.326 412.755615
1.327 411.632172
1.328 410.442108
1.329 409.210693
1.330 407.970703
1.331 406.760681
1.332 405.575806
1.333 404.430603
1.334 403.333313
1.335 402.304047
1.336 401.363861
1.337 400.541443
1.338 399.927246
1.339 399.401855
1.340 398.934174
1.341 398.502869
1.342 398.072449
1.343 397.595428
1.344 397.033569
1.345 396.271729
1.346 395.379517
1.347 394.367676
1.348 393.215149
1.349 391.903625
1.350 390.532776
1.351 389.14447
1.352 387.80835
1.353 386.539398
1.354 385.341614
1.355 384.234253
1.356 383.359863
1.357 382.558105
1.358 381.787964
1.359 381.006226
1.360 380.170746
1.361 379.257904
1.362 378.234833
1.363 376.902405
1.364 375.35849
1.365 373.806458
1.366 372.33667
1.367 371.194672
1.368 370.265259
1.369 369.534485
1.370 369.038666
1.371 368.912537
1.372 368.911957
1.373 368.959686
1.374 368.922058
1.375 368.710571
1.376 368.408905
1.377 368.006714
1.378 367.385254
1.379 366.612671
1.380 365.832367
1.381 365.111206
1.382 364.737
1.383 364.52182
1.384 364.347382
1.385 364.158936
1.386 363.825928
1.387 363.401001
1.388 362.868622
1.389 362.181641
1.390 361.14621
1.391 360.061768
1.392 359.011932
1.393 358.166595
1.394 357.749359
1.395 357.433472
1.396 357.156982
1.397 356.800629
1.398 356.279785
1.399 355.704437
1.400 355.079803
1.401 354.397919
1.402 353.665344
1.403 352.913788
1.404 352.159363
1.405 351.450562
1.406 350.78949
1.407 350.133423
1.408 349.47226
1.409 348.750305
1.410 347.983612
1.411 347.232422
1.412 346.519226
1.413 345.914154
1.414 345.409058
1.415 344.956665
1.416 344.546265
1.417 344.069641
1.418 343.577026
1.419 343.197845
1.420 342.986206
1.421 343.218628
1.422 343.828369
1.423 344.529785
1.424 345.22467
1.425 345.80542
1.426 346.179169
1.427 346.2677
1.428 345.983368
1.429 344.938477
1.430 343.060242
1.431 340.914429
1.432 338.667847
1.433 336.645447
1.434 335.104248
1.435 333.727173
1.436 332.50769
1.437 331.491211
1.438 330.780609
1.439 330.10556
1.440 329.376495
1.441 328.454681
1.442 326.753906
1.443 324.977722
1.444 323.261017
1.445 321.738434
1.446 321.108398
1.447 320.789886
1.448 320.63678
1.449 320.559692
1.450 320.479095
1.451 320.298645
1.452 319.923584
1.453 319.263336
1.454 317.65918
1.455 315.241821
1.456 312.843384
1.457 310.748627
1.458 309.695312
1.459 310.529419
1.460 311.807678
1.461 313.26123
1.462 314.612671
1.463 314.671783
1.464 314.448364
1.465 314.008972
1.466 313.420013
1.467 312.818939
1.468 312.202759
1.469 311.57489
1.470 310.96637
1.471 310.503448
1.472 310.225403
1.473 309.953979
1.474 309.645813
1.475 309.243164
1.476 308.547729
1.477 307.754883
1.478 306.884552
1.479 305.957001
1.480 304.965881
1.481 303.954193
1.482 302.963257
1.483 302.023651
1.484 301.156525
1.485 300.384399
1.486 299.766205
1.487 299.340393
1.488 299.145203
1.489 299.658875
1.490 300.386658
1.491 301.16391
1.492 301.875061
1.493 302.184326
1.494 302.011322
1.495 301.645386
1.496 301.118927
1.497 300.464264
1.498 299.66745
1.499 298.820374
1.500 297.968445
1.501 297.157288
1.502 296.580627
1.503 296.239197
1.504 295.939301
1.505 295.637207
1.506 295.289276
1.507 294.601562
1.508 293.852356
1.509 293.083984
1.510 292.33139
1.511 291.705017
1.512 291.242798
1.513 290.826782
1.514 290.440216
1.515 290.066589
1.516 289.583984
1.517 289.092987
1.518 288.632996
1.519 288.223877
1.520 287.915649
1.521 287.781128
1.522 287.712158
1.523 287.692993
1.524 287.70813
1.525 287.889526
1.526 288.128113
1.527 288.245483
1.528 288.159546
1.529 287.788574
1.530 286.426453
1.531 284.76123
1.532 282.936462
1.533 281.057312
1.534 279.304138
1.535 277.895996
1.536 276.649231
1.537 275.589539
1.538 274.74234
1.539 274.309753
1.540 274.243835
1.541 274.329041
1.542 274.502197
1.543 274.700897
1.544 274.657654
1.545 274.516144
1.546 274.3414
1.547 274.142181
1.548 273.927673
1.549 273.736938
1.550 273.539154
1.551 273.334503
1.552 273.122955
1.553 272.917755
1.554 272.75177
1.555 272.55957
1.556 272.325104
1.557 272.032349
1.558 271.644653
1.559 271.13681
1.560 270.543701
1.561 269.863983
1.562 269.09671
1.563 268.165955
1.564 267.089417
1.565 265.979492
1.566 264.872864
1.567 263.805725
1.568 262.91095
1.569 262.167603
1.570 261.506317
1.571 260.922791
1.572 260.412018
1.573 260.035065
1.574 259.737671
1.575 259.459015
1.576 259.170746
1.577 258.844543
1.578 258.335083
1.579 257.712738
1.580 257.039093
1.581 256.326813
1.582 255.58847
1.583 254.899506
1.584 254.218842
1.585 253.513412
1.586 252.77507
1.587 251.994751
1.588 251.010681
1.589 249.938278
1.590 248.88884
1.591 247.906738
1.592 247.035553
1.593 246.512329
1.594 246.248901
1.595 246.10849
1.596 246.063278
1.597 246.085617
1.598 246.157898
1.599 246.248642
1.600 246.318771
1.601 246.337311
1.602 246.273682
1.603 245.931808
1.604 245.272125
1.605 244.564178
1.606 243.863953
1.607 243.226959
1.608 242.83606
1.609 242.90741
1.610 243.076096
1.611 243.295761
1.612 243.520569
1.613 243.677536
1.614 243.508026
1.615 243.276306
1.616 242.999512
1.617 242.694733
1.618 242.378754
1.619 242.055725
1.620 241.755966
1.621 241.501129
1.622 241.310776
1.623 241.204346
1.624 241.418243
1.625 241.839111
1.626 242.278015
1.627 242.678757
1.628 242.985413
1.629 243.00824
1.630 242.592697
1.631 242.032562
1.632 241.358521
1.633 240.600693
1.634 239.789642
1.635 238.986755
1.636 238.182343
1.637 237.398987
1.638 236.658661
1.639 235.983383
1.640 235.490402
1.641 235.136444
1.642 234.862289
1.643 234.65921
1.644 234.518616
1.645 234.437668
1.646 234.416656
1.647 234.426865
1.648 234.45549
1.649 234.489746
1.650 234.517029
1.651 234.46196
1.652 234.375244
1.653 234.27269
1.654 234.157349
1.655 234.032318
1.656 233.932846
1.657 233.877487
1.658 233.797409
1.659 233.678345
1.660 233.506165
1.661 233.266708
1.662 232.809235
1.663 232.263351
1.664 231.667877
1.665 231.040222
1.666 230.397858
1.667 229.822906
1.668 229.38327
1.669 228.929794
1.670 228.442062
1.671 227.899582
1.672 227.28215
1.673 226.305878
1.674 225.181458
1.675 224.041183
1.676 222.932251
1.677 221.901779
1.678 221.055939
1.679 220.708344
1.680 220.488892
1.681 220.36705
1.682 220.312302
1.683 220.294479
1.684 220.224091
1.685 220.082275
1.686 219.92157
1.687 219.734802
1.688 219.514755
1.689 219.254395
1.690 218.836288
1.691 218.358505
1.692 217.865326
1.693 217.375092
1.694 216.905823
1.695 216.492889
1.696 216.317047
1.697 216.175079
1.698 216.047607
1.699 215.915436
1.700 215.759399
1.701 215.549805
1.702 215.257736
1.703 214.893295
1.704 214.444016
1.705 213.897446
1.706 213.241272
1.707 212.201538
1.708 210.828903
1.709 209.446747
1.710 208.132141
1.711 206.9617
1.712 206.011505
1.713 206.069199
1.714 206.723495
1.715 207.509705
1.716 208.317001
1.717 209.035461
1.718 209.555328
1.719 209.059692
1.720 208.078613
1.721 206.856995
1.722 205.44278
1.723 203.885468
1.724 202.23291
1.725 200.599915
1.726 198.967087
1.727 197.356064
1.728 195.800873
1.729 194.335052
1.730 192.991302
1.731 192.016937
1.732 191.218857
1.733 190.563644
1.734 190.043076
1.735 189.649033
1.736 189.373657
1.737 189.36792
1.738 189.458344
1.739 189.586761
1.740 189.715744
1.741 189.807953
1.742 189.826385
1.743 189.322235
1.744 188.659851
1.745 187.963547
1.746 187.278
1.747 186.646835
1.748 186.113739
1.749 186.108948
1.750 186.357101
1.751 186.685333
1.752 187.052658
1.753 187.41893
1.754 187.744049
1.755 187.81369
1.756 187.680527
1.757 187.460785
1.758 187.160126
1.759 186.784454
1.760 186.339233
1.761 185.83078
1.762 185.264816
1.763 184.645935
1.764 183.979782
1.765 183.271667
1.766 182.526657
1.767 181.746277
1.768 180.926208
1.769 180.088364
1.770 179.241013
1.771 178.39212
1.772 177.549347
1.773 176.720703
1.774 175.921677
1.775 175.151733
1.776 174.416077
1.777 173.721375
1.778 173.073761
1.779 172.479355
1.780 171.988327
1.781 171.580917
1.782 171.228333
1.783 170.926437
1.784 170.671066
1.785 170.458252
1.786 170.271271
1.787 170.089554
1.788 169.946625
1.789 169.845032
1.790 169.787186
1.791 169.775543
1.792 169.812561
1.793 170.067261
1.794 170.372574
1.795 170.681091
1.796 170.967865
1.797 171.207764
1.798 171.376129
1.799 171.356537
1.800 171.112762
1.801 170.767258
1.802 170.325745
1.803 169.79364
1.804 169.176575
1.805 168.47998
1.806 167.583191
1.807 166.628586
1.808 165.648071
1.809 164.665588
1.810 163.705399
1.811 162.791428
1.812 162.048615
1.813 161.532593
1.814 161.084549
1.815 160.693298
1.816 160.347885
1.817 160.037201
1.818 159.750458
1.819 159.42569
1.820 159.098877
1.821 158.779358
1.822 158.465179
1.823 158.154053
1.824 157.844025
1.825 157.536896
1.826 157.243042
1.827 156.940765
1.828 156.625504
1.829 156.292374
1.830 155.936691
1.831 155.553894
1.832 155.051224
1.833 154.435608
1.834 153.814133
1.835 153.205902
1.836 152.629364
1.837 152.10318
1.838 151.64566
1.839 151.530884
1.840 151.566589
1.841 151.647049
1.842 151.746384
1.843 151.838791
1.844 151.898712
1.845 151.900665
1.846 151.546432
1.847 151.114883
1.848 150.622925
1.849 150.081833
1.850 149.503098
1.851 148.897995
1.852 148.282532
1.853 147.690735
1.854 147.101151
1.855 146.520096
1.856 145.954742
1.857 145.411285
1.858 144.896637
1.859 144.470612
1.860 144.226791
1.861 143.999023
1.862 143.768677
1.863 143.516983
1.864 143.225769
1.865 142.876343
1.866 142.312195
1.867 141.389893
1.868 140.424713
1.869 139.450928
1.870 138.501541
1.871 137.610641
1.872 136.811111
1.873 136.283905
1.874 136.179901
1.875 136.194336
1.876 136.307068
1.877 136.498138
1.878 136.74762
1.879 137.035889
1.880 137.312286
1.881 137.520584
1.882 137.725342
1.883 137.919617
1.884 138.096466
1.885 138.248978
1.886 138.370422
1.887 138.43811
1.888 138.403503
1.889 138.328461
1.890 138.21521
1.891 138.065948
1.892 137.882965
1.893 137.668365
1.894 137.418427
1.895 137.051392
1.896 136.671463
1.897 136.292328
1.898 135.927155
1.899 135.589432
1.900 135.29245
1.901 135.049194
1.902 135.053009
1.903 135.145538
1.904 135.285431
1.905 135.461456
1.906 135.662537
1.907 135.877441
1.908 136.09523
1.909 136.285385
1.910 136.445908
1.911 136.582458
1.912 136.687897
1.913 136.755157
1.914 136.777145
1.915 136.746902
1.916 136.608246
1.917 136.290039
1.918 135.923279
1.919 135.519852
1.920 135.091431
1.921 134.64975
1.922 134.206146
1.923 133.772614
1.924 133.470657
1.925 133.198334
1.926 132.944489
1.927 132.707169
1.928 132.484589
1.929 132.274811
1.930 132.076157
1.931 131.899826
1.932 131.742798
1.933 131.587021
1.934 131.427917
1.935 131.260849
1.936 131.081268
1.937 130.884644
1.938 130.665268
1.939 130.34874
1.940 130.009659
1.941 129.651474
1.942 129.277359
1.943 128.890717
1.944 128.494629
1.945 128.09259
1.946 127.677727
1.947 127.253326
1.948 126.835861
1.949 126.430443
1.950 126.042358
1.951 125.677116
1.952 125.339691
1.953 125.035484
1.954 124.828667
1.955 124.667694
1.956 124.542007
1.957 124.449692
1.958 124.388908
1.959 124.35775
1.960 124.354401
1.961 124.374741
1.962 124.411331
1.963 124.471481
1.964 124.554428
1.965 124.659424
1.966 124.785629
1.967 124.932396
1.968 125.098862
1.969 125.340851
1.970 125.652763
1.971 125.965019
1.972 126.265678
1.973 126.542747
1.974 126.784363
1.975 126.978638
1.976 127.113907
1.977 127.025848
1.978 126.809624
1.979 126.535934
1.980 126.214188
1.981 125.853836
1.982 125.464134
1.983 125.054344
1.984 124.633751
1.985 124.293457
1.986 123.964592
1.987 123.634979
1.988 123.304276
1.989 122.972717
1.990 122.639999
1.991 122.305962
1.992 121.970688
1.993 121.685104
1.994 121.394714
1.995 121.092644
1.996 120.77388
1.997 120.433273
1.998 120.065735
1.999 119.666397
2.000 119.230003
2.001 118.529236
2.002 117.802841
2.003 117.067245
2.004 116.338287
2.005 115.631927
2.006 114.963974
2.007 114.350174
2.008 113.806145
2.009 113.65033
2.010 113.57695
2.011 113.562073
2.012 113.592087
2.013 113.653442
2.014 113.732742
2.015 113.816559
2.016 113.891655
2.017 113.809616
2.018 113.684784
2.019 113.538406
2.020 113.371704
2.021 113.185608
2.022 112.981293
2.023 112.759819
2.024 112.522156
2.025 112.263245
2.026 111.988327
2.027 111.701752
2.028 111.405205
2.029 111.100632
2.030 110.789749
2.031 110.474327
2.032 110.15609
2.033 109.845482
2.034 109.544357
2.035 109.243118
2.036 108.942154
2.037 108.641563
2.038 108.341385
2.039 108.041931
2.040 107.743217
2.041 107.448784
2.042 107.170151
2.043 106.89077
2.044 106.609207
2.045 106.323944
2.046 106.033592
2.047 105.736725
2.048 105.431877
2.049 105.117783
2.050 104.743423
2.051 104.350121
2.052 103.952873
2.053 103.555168
2.054 103.16069
2.055 102.773117
2.056 102.396263
2.057 102.033798
2.058 101.697868
2.059 101.39679
2.060 101.118118
2.061 100.863373
2.062 100.634384
2.063 100.432732
2.064 100.259949
2.065 100.117676
2.066 100.007599
2.067 100.008179
2.068 100.047813
2.069 100.110641
2.070 100.191147
2.071 100.283768
2.072 100.382957
2.073 100.483269
2.074 100.579239
2.075 100.64962
2.076 100.67128
2.077 100.677849
2.078 100.668106
2.079 100.640831
2.080 100.594772
2.081 100.528709
2.082 100.441452
2.083 100.331749
2.084 100.172028
2.085 99.9764023
2.086 99.7600632
2.087 99.5249939
2.088 99.2731247
2.089 99.006424
2.090 98.7268066
2.091 98.4360809
2.092 98.1362762
2.093 97.8529663
2.094 97.5636139
2.095 97.2670135
2.096 96.9629364
2.097 96.6514282
2.098 96.3321228
2.099 96.0051575
2.100 95.6704941
2.101 95.3263245
2.102 94.9669647
2.103 94.600296
2.104 94.2268982
2.105 93.8474731
2.106 93.4625778
2.107 93.0725632
2.108 92.678421
2.109 92.2804718
2.110 91.871582
2.111 91.4426727
2.112 91.0142975
2.113 90.5888596
2.114 90.1687622
2.115 89.7567291
2.116 89.3551178
2.117 88.9661255
2.118 88.592514
2.119 88.2526093
2.120 87.9605408
2.121 87.6862946
2.122 87.4289398
2.123 87.1874695
2.124 86.9608688
2.125 86.7483521
2.126 86.5488586
2.127 86.3614502
2.128 86.1928711
2.129 86.0487671
2.130 85.911705
2.131 85.7791748
2.132 85.6486664
2.133 85.5175934
2.134 85.3834152
2.135 85.2436981
2.136 85.0959396
2.137 84.9220276
2.138 84.6891861
2.139 84.4466324
2.140 84.1963501
2.141 83.9405289
2.142 83.6812057
2.143 83.4203415
2.144 83.1599121
2.145 82.9020386
2.146 82.6500092
2.147 82.4201736
2.148 82.1975708
2.149 81.9827728
2.150 81.7766266
2.151 81.5798569
2.152 81.3931732
2.153 81.2172852
2.154 81.0529556
2.155 80.9009171
2.156 80.8091736
2.157 80.7376709
2.158 80.6732635
2.159 80.6126633
2.160 80.5526581
2.161 80.490036
2.162 80.4216003
2.163 80.3441696
2.164 80.2545776
2.165 80.1222382
2.166 79.9457703
2.167 79.7534027
2.168 79.5459137
2.169 79.3238068
2.170 79.0876617
2.171 78.8383636
2.172 78.5763397
2.173 78.3022232
2.174 78.0137024
2.175 77.6830368
2.176 77.3446808
2.177 77.0017395
2.178 76.6570129
2.179 76.3134308
2.180 75.973793
2.181 75.6411285
2.182 75.3182144
2.183 75.0077438
2.184 74.7322388
2.185 74.4869614
2.186 74.2591476
2.187 74.04953
2.188 73.8587189
2.189 73.6873779
2.190 73.5360413
2.191 73.4054184
2.192 73.2960892
2.193 73.2092056
2.194 73.1751099
2.195 73.1620636
2.196 73.1686478
2.197 73.193512
2.198 73.2352066
2.199 73.2923889
2.200 73.3637238
2.201 73.4477844
2.202 73.5432129
2.203 73.6521912
2.204 73.7758942
2.205 73.9060974
2.206 74.0408859
2.207 74.1782761
2.208 74.3163757
2.209 74.4533081
2.210 74.5871124
2.211 74.7158966
2.212 74.8377838
2.213 74.9368134
2.214 75.0170746
2.215 75.087204
2.216 75.1468353
2.217 75.1955338
2.218 75.2329178
2.219 75.2585983
2.220 75.272171
2.221 75.2732391
2.222 75.2614288
2.223 75.2221832
2.224 75.1660995
2.225 75.0980225
2.226 75.0186005
2.227 74.928627
2.228 74.8288269
2.229 74.7198334
2.230 74.602478
2.231 74.4774323
2.232 74.3453827
2.233 74.201416
2.234 74.0512695
2.235 73.8969727
2.236 73.7396393
2.237 73.5803146
2.238 73.420166
2.239 73.2601395
2.240 73.1014099
2.241 72.9449921
2.242 72.7919617
2.243 72.6592331
2.244 72.5338745
2.245 72.4129486
2.246 72.2963715
2.247 72.1840973
2.248 72.0760193
2.249 71.9721146
2.250 71.8722839
2.251 71.7764664
2.252 71.6845627
2.253 71.604866
2.254 71.5312729
2.255 71.4602661
2.256 71.3911362
2.257 71.3231659
2.258 71.255661
2.259 71.1878815
2.260 71.1191788
2.261 71.0488358
2.262 70.9761505
2.263 70.8881836
2.264 70.7874908
2.265 70.6843414
2.266 70.5793915
2.267 70.4731903
2.268 70.3663559
2.269 70.2593231
2.270 70.1527939
2.271 70.047287
2.272 69.9432983
2.273 69.8448486
2.274 69.757843
2.275 69.6731262
2.276 69.5906372
2.277 69.5101929
2.278 69.4316254
2.279 69.3548126
2.280 69.2796478
2.281 69.2059631
2.282 69.1335831
2.283 69.0624008
2.284 69.0341949
2.285 69.0094681
2.286 68.9805984
2.287 68.9448547
2.288 68.8995514
2.289 68.84198
2.290 68.7695465
2.291 68.6795349
2.292 68.5693054
2.293 68.4363251
2.294 68.2603455
2.295 68.0331955
2.296 67.7788086
2.297 67.4966736
2.298 67.1864319
2.299 66.8479843
2.300 66.480835
2.301 66.084549
2.302 65.6591187
2.303 65.2040405
2.304 64.7190857
2.305 64.1147003
2.306 63.4693718
2.307 62.8033295
2.308 62.1219597
2.309 61.4308167
2.310 60.7345238
2.311 60.0384026
2.312 59.3477249
2.313 58.6675873
2.314 58.0028648
2.315 57.365612
2.316 56.7852173
2.317 56.232666
2.318 55.7112122
2.319 55.2236404
2.320 54.7729721
2.321 54.3617706
2.322 53.9934654
2.323 53.6704826
2.324 53.3958702
2.325 53.1723099
2.326 53.0465164
2.327 53.0358391
2.328 53.0770645
2.329 53.167572
2.330 53.304924
2.331 53.4866333
2.332 53.7100487
2.333 53.9727783
2.334 54.2723541
2.335 54.606308
2.336 54.9721909
2.337 55.3851089
2.338 55.838665
2.339 56.3141022
2.340 56.8078003
2.341 57.3156433
2.342 57.8336754
2.343 58.3576813
2.344 58.884285
2.345 59.4091797
2.346 59.9284782
2.347 60.4384613
2.348 60.9290848
2.349 61.3983727
2.350 61.8477325
2.351 62.2739182
2.352 62.6736755
2.353 63.0437126
2.354 63.3810043
2.355 63.6822739
2.356 63.9442139
2.357 64.1639481
2.358 64.3381042
2.359 64.4090576
2.360 64.3783951
2.361 64.3008499
2.362 64.1785583
2.363 64.0136032
2.364 63.8079529
2.365 63.5638084
2.366 63.2831573
2.367 62.9680252
2.368 62.6205559
2.369 62.2425537
2.370 61.8175774
2.371 61.3294373
2.372 60.8204613
2.373 60.2954483
2.374 59.7587204
2.375 59.2151566
2.376 58.6691742
2.377 58.1251793
2.378 57.5879822
2.379 57.0619316
2.380 56.5515099
2.381 56.0651321
2.382 55.6815491
2.383 55.3228683
2.384 54.9893456
2.385 54.6818008
2.386 54.4006882
2.387 54.1465225
2.388 53.9198914
2.389 53.7212181
2.390 53.551033
2.391 53.4099503
2.392 53.2984734
2.393 53.2535324
2.394 53.2566757
2.395 53.2866898
2.396 53.3415184
2.397 53.4191704
2.398 53.5176315
2.399 53.6348648
2.400 53.7690125
2.401 53.9179802
2.402 54.0798569
2.403 54.2527122
2.404 54.4367638
2.405 54.640419
2.406 54.8484039
2.407 55.0582504
2.408 55.2672234
2.409 55.4729118
2.410 55.6726952
2.411 55.8639946
2.412 56.0444145
2.413 56.2113762
2.414 56.3623962
2.415 56.4950027
2.416 56.5738449
2.417 56.6029625
2.418 56.6104507
2.419 56.59655
2.420 56.5614738
2.421 56.5054779
2.422 56.4287338
2.423 56.3314781
2.424 56.2139435
2.425 56.0763474
2.426 55.9188538
2.427 55.7417755
2.428 55.4930992
2.429 55.2156982
2.430 54.9242249
2.431 54.6219749
2.432 54.3116684
2.433 53.9961929
2.434 53.6786766
2.435 53.3619194
2.436 53.0487328
2.437 52.7420769
2.438 52.4448051
2.439 52.1597748
2.440 51.9442863
2.441 51.745739
2.442 51.5631371
2.443 51.3968811
2.444 51.2474289
2.445 51.1152344
2.446 51.0006981
2.447 50.9042587
2.448 50.8263245
2.449 50.7673302
2.450 50.727684
2.451 50.7086906
2.452 50.7541046
2.453 50.818161
2.454 50.8993645
2.455 50.996273
2.456 51.1074982
2.457 51.2315063
2.458 51.3668747
2.459 51.5122299
2.460 51.6660767
2.461 51.8270226
2.462 51.993679
2.463 52.1646385
2.464 52.3329849
2.465 52.5027084
2.466 52.6730728
2.467 52.8428421
2.468 53.0109673
2.469 53.1762772
2.470 53.3376427
2.471 53.4939651
2.472 53.6441193
2.473 53.787056
2.474 53.9215698
2.475 54.0466156
2.476 54.151104
2.477 54.2409782
2.478 54.3191147
2.479 54.3849411
2.480 54.4378929
2.481 54.4774475
2.482 54.5030899
2.483 54.5142517
2.484 54.5104218
2.485 54.4910736
2.486 54.4556656
2.487 54.4036942
2.488 54.320137
2.489 54.2009888
2.490 54.0656242
2.491 53.9148026
2.492 53.7492485
2.493 53.5697784
2.494 53.3771629
2.495 53.1721344
2.496 52.9553757
2.497 52.7277641
2.498 52.4900322
2.499 52.2427979
2.500 51.9869995
2.501 51.7037888
2.502 51.4139938
2.503 51.1194229
2.504 50.8213043
2.505 50.5210648
2.506 50.2203979
2.507 49.9206085
2.508 49.6231804
2.509 49.3293304
2.510 49.0409012
2.511 48.7589874
2.512 48.485054
2.513 48.23629
2.514 48.0178604
2.515 47.8096695
2.516 47.6118736
2.517 47.4244041
2.518 47.2474289
2.519 47.0808945
2.520 46.9249687
2.521 46.7796173
2.522 46.6448784
2.523 46.520874
2.524 46.4076157
2.525 46.3051453
2.526 46.2337456
2.527 46.1793137
2.528 46.1340599
2.529 46.0970612
2.530 46.0673828
2.531 46.0440903
2.532 46.0262375
2.533 46.0129242
2.534 46.0032272
2.535 45.9962234
2.536 45.9910049
2.537 45.9866791
2.538 45.9823265
2.539 45.96064
2.540 45.9364853
2.541 45.9108849
2.542 45.8835907
2.543 45.8543472
2.544 45.8229218
2.545 45.7890472
2.546 45.7525024
2.547 45.7130432
2.548 45.6704063
2.549 45.6243744
2.550 45.5746918
2.551 45.5211334
2.552 45.4491386
2.553 45.3730164
2.554 45.2933464
2.555 45.2103806
2.556 45.1244316
2.557 45.035778
2.558 44.9446831
2.559 44.8514175
2.560 44.7562866
2.561 44.6595078
2.562 44.5614319
2.563 44.4622612
2.564 44.3623047
2.565 44.263855
2.566 44.1653252
2.567 44.0666428
2.568 43.9679642
2.569 43.8695183
2.570 43.771492
2.571 43.6739922
2.572 43.5772972
2.573 43.4815369
2.574 43.3868828
2.575 43.293541
2.576 43.2016678
2.577 43.1114655
2.578 43.0261307
2.579 42.9441605
2.580 42.8641014
2.581 42.7859802
2.582 42.7098503
2.583 42.6356964
2.584 42.56353
2.585 42.4934044
2.586 42.4253464
2.587 42.3593292
2.588 42.2954178
2.589 42.2336235
2.590 42.1739807
2.591 42.1185837
2.592 42.0696793
2.593 42.0226936
2.594 41.9773788
2.595 41.9336166
2.596 41.8911667
2.597 41.8498611
2.598 41.8094864
2.599 41.7698631
2.600 41.7308121
2.601 41.692131
2.602 41.6536369
2.603 41.6151581
2.604 41.5764732
2.605 41.5362511
2.606 41.495285
2.607 41.4536438
2.608 41.411232
2.609 41.3679047
2.610 41.3235245
2.611 41.2779388
2.612 41.2310219
2.613 41.182663
2.614 41.1326981
2.615 41.0810318
2.616 41.0275078
2.617 40.9719849
2.618 40.9122429
2.619 40.8418045
2.620 40.7694321
2.621 40.6952744
2.622 40.6195984
2.623 40.5426064
2.624 40.4644623
2.625 40.3854218
2.626 40.3056488
2.627 40.2253799
2.628 40.1448059
2.629 40.0641212
2.630 39.9835396
2.631 39.9032593
2.632 39.8243408
2.633 39.7472229
2.634 39.6709099
2.635 39.5955505
2.636 39.5212479
2.637 39.4481583
2.638 39.3764038
2.639 39.3061333
2.640 39.237442
2.641 39.1704941
2.642 39.105423
2.643 39.0423355
2.644 38.9813385
2.645 38.9226379
2.646 38.8713341
2.647 38.827446
2.648 38.7857399
2.649 38.7460098
2.650 38.708065
2.651 38.6717529
2.652 38.636879
2.653 38.6032524
2.654 38.5707169
2.655 38.5390816
2.656 38.5081787
2.657 38.4778214
2.658 38.4478493
2.659 38.4180794
2.660 38.3877792
2.661 38.3566055
2.662 38.3251648
2.663 38.2933426
2.664 38.2610054
2.665 38.2280197
2.666 38.1942635
2.667 38.159584
2.668 38.1238785
2.669 38.0870094
2.670 38.0488586
2.671 38.009285
2.672 37.9681625
2.673 37.9253693
2.674 37.879097
2.675 37.8243294
2.676 37.767807
2.677 37.7096634
2.678 37.650032
2.679 37.5890045
2.680 37.5267143
2.681 37.4632683
2.682 37.3987961
2.683 37.3334007
2.684 37.2672081
2.685 37.2003441
2.686 37.1328964
2.687 37.0650024
2.688 36.9967804
2.689 36.9279099
2.690 36.8588486
2.691 36.7898254
2.692 36.7209587
2.693 36.6523285
2.694 36.5841522
2.695 36.516468
2.696 36.4494209
2.697 36.3831711
2.698 36.3178101
2.699 36.2534523
2.700 36.1902313
2.701 36.1282616
2.702 36.0676956
2.703 36.0101891
2.704 35.9580154
2.705 35.9073906
2.706 35.8582535
2.707 35.8106003
2.708 35.764389
2.709 35.719574
2.710 35.6761627
2.711 35.6340866
2.712 35.5933304
2.713 35.5538483
2.714 35.5156403
2.715 35.478653
2.716 35.4428558
2.717 35.4082336
2.718 35.3759079
2.719 35.3453827
2.720 35.3158569
2.721 35.2872467
2.722 35.2594604
2.723 35.2324219
2.724 35.2060547
2.725 35.1802788
2.726 35.155014
2.727 35.1301765
2.728 35.1056976
2.729 35.0814896
2.730 35.0574799
2.731 35.0335922
2.732 35.0097351
2.733 34.9853706
2.734 34.9607544
2.735 34.9359741
2.736 34.9109802
2.737 34.885704
2.738 34.8600998
2.739 34.834095
2.740 34.8076439
2.741 34.7806892
2.742 34.7531509
2.743 34.7250023
2.744 34.6961746
2.745 34.6666107
2.746 34.6362419
2.747 34.6050339
2.748 34.571682
2.749 34.536972
2.750 34.5013428
2.751 34.4647484
2.752 34.4271851
2.753 34.388649
2.754 34.3491364
2.755 34.3086014
2.756 34.2670746
2.757 34.2245178
2.758 34.1809235
2.759 34.1362724
2.760 34.0905838
2.761 34.0438118
2.762 33.9959526
2.763 33.9449692
2.764 33.8913536
2.765 33.8367767
2.766 33.7813187
2.767 33.7250633
2.768 33.6680717
2.769 33.6104355
2.770 33.552227
2.771 33.4935455
2.772 33.4344444
2.773 33.3750305
2.774 33.3153496
2.775 33.2555008
2.776 33.1955566
2.777 33.135601
2.778 33.0756607
2.779 33.0157509
2.780 32.9560547
2.781 32.8966599
2.782 32.8376083
2.783 32.7790527
2.784 32.7210083
2.785 32.6635818
2.786 32.6068382
2.787 32.5508804
2.788 32.4957428
2.789 32.4415436
2.790 32.3883362
2.791 32.3362312
2.792 32.2852364
2.793 32.2354813
2.794 32.1906204
2.795 32.1485138
2.796 32.1076736
2.797 32.067997
2.798 32.0294609
2.799 31.9920273
2.800 31.9556255
2.801 31.9201965
2.802 31.8857269
2.803 31.8521481
2.804 31.8194084
2.805 31.7874527
2.806 31.7562542
2.807 31.7257595
2.808 31.6959152
2.809 31.6667023
2.810 31.640625
2.811 31.6150036
2.812 31.5897102
2.813 31.5646439
2.814 31.5397034
2.815 31.5147629
2.816 31.4897308
2.817 31.4645061
2.818 31.4389553
2.819 31.4130058
2.820 31.3865166
2.821 31.3593979
2.822 31.331562
2.823 31.3028831
2.824 31.2732697
2.825 31.2419128
2.826 31.2052441
2.827 31.1674614
2.828 31.1285839
2.829 31.0886135
2.830 31.0475616
2.831 31.0054321
2.832 30.9622612
2.833 30.9180489
2.834 30.8727989
2.835 30.8265362
2.836 30.7792645
2.837 30.7310085
2.838 30.6817513
2.839 30.6315422
2.840 30.580349
2.841 30.5278053
2.842 30.4702759
2.843 30.4119453
2.844 30.3528957
2.845 30.2932796
2.846 30.2332001
2.847 30.1727581
2.848 30.1120644
2.849 30.0512447
2.850 29.9904022
2.851 29.9296379
2.852 29.8691082
2.853 29.8088722
2.854 29.7490425
2.855 29.6897564
2.856 29.6311111
2.857 29.5731945
2.858 29.5191936
2.859 29.4665985
2.860 29.4148979
2.861 29.3641567
2.862 29.3143845
2.863 29.2656078
2.864 29.2178612
2.865 29.1711655
2.866 29.1255322
2.867 29.0809994
2.868 29.0376186
2.869 28.9953804
2.870 28.9543133
2.871 28.9144573
2.872 28.8758392
2.873 28.8384857
2.874 28.8046474
2.875 28.7749825
2.876 28.7464752
2.877 28.7190514
2.878 28.6926231
2.879 28.6670952
2.880 28.6423931
2.881 28.6184139
2.882 28.5950966
2.883 28.5723381
2.884 28.5500546
2.885 28.5281639
2.886 28.5065899
2.887 28.4852295
2.888 28.4640179
2.889 28.4428616
2.890 28.4216766
2.891 28.3996582
2.892 28.3773155
2.893 28.3547401
2.894 28.331852
2.895 28.3086071
2.896 28.2849503
2.897 28.2607937
2.898 28.2361031
2.899 28.210804
2.900 28.1848259
2.901 28.1581306
2.902 28.1306419
2.903 28.1022911
2.904 28.0730438
2.905 28.0428276
2.906 28.0115814
2.907 27.9791183
2.908 27.9406624
2.909 27.9011154
2.910 27.8604965
2.911 27.8188992
2.912 27.7763195
2.913 27.732832
2.914 27.6884727
2.915 27.6433144
2.916 27.5973339
2.917 27.550642
2.918 27.5032539
2.919 27.4552135
2.920 27.4065628
2.921 27.3573589
2.922 27.3076477
2.923 27.2574234
2.924 27.2067795
2.925 27.1543255
2.926 27.101553
2.927 27.048542
2.928 26.9953651
2.929 26.9420967
2.930 26.8887634
2.931 26.8355007
2.932 26.7823639
2.933 26.7293816
2.934 26.6766777
2.935 26.624279
2.936 26.5722713
2.937 26.5207443
2.938 26.4697399
2.939 26.4193268
2.940 26.3695793
2.941 26.3205624
2.942 26.2750854
2.943 26.2310009
2.944 26.1877251
2.945 26.1452713
2.946 26.1036263
2.947 26.0628242
2.948 26.0228195
2.949 25.9836311
2.950 25.9452705
2.951 25.9077206
2.952 25.8710136
2.953 25.8351192
2.954 25.8000546
2.955 25.7658043
2.956 25.7323818
2.957 25.699791
2.958 25.6680431
2.959 25.6381283
2.960 25.6104698
2.961 25.5835571
2.962 25.557373
2.963 25.5318451
2.964 25.5069485
2.965 25.4826241
2.966 25.4588223
2.967 25.4355068
2.968 25.4126434
2.969 25.390152
2.970 25.3680153
2.971 25.3461895
2.972 25.3246117
2.973 25.3032494
2.974 25.2820568
2.975 25.2609863
2.976 25.2399902
2.977 25.2178268
2.978 25.1953945
2.979 25.1729565
2.980 25.1505089
2.981 25.1280289
2.982 25.105505
2.983 25.082922
2.984 25.0602684
2.985 25.0375137
2.986 25.0146561
2.987 24.991684
2.988 24.968586
2.989 24.9453163
2.990 24.9219036
2.991 24.898304
2.992 24.8745098
2.993 24.8505096
2.994 24.8262939
2.995 24.7997742
2.996 24.7730026
2.997 24.7460709
2.998 24.7189674
2.999 24.6917229
3.000 24.6643753
3.001 24.6369324
3.002 24.6094322
3.003 24.5818939
3.004 24.554348
3.005 24.5268002
3.006 24.4992981
3.007 24.4718437
3.008 24.4444733
3.009 24.4172039
3.010 24.3900814
3.011 24.3630981
3.012 24.3362808
3.013 24.310524
3.014 24.285017
3.015 24.2597027
3.016 24.2346268
3.017 24.2097702
3.018 24.185154
3.019 24.1607723
3.020 24.1366405
3.021 24.1127663
3.022 24.0891457
3.023 24.0657921
3.024 24.0427227
3.025 24.0199261
3.026 23.9974136
3.027 23.9752007
3.028 23.9532852
3.029 23.9316826
3.030 23.9103909
3.031 23.8907318
3.032 23.8719482
3.033 23.8534355
3.034 23.8351746
3.035 23.8171349
3.036 23.7992916
3.037 23.7816124
3.038 23.76408
3.039 23.7466621
3.040 23.729332
3.041 23.7120667
3.042 23.6948318
3.043 23.6776123
3.044 23.6603851
3.045 23.6431122
3.046 23.6257744
3.047 23.6083431
3.048 23.5907898
3.049 23.5731239
3.050 23.5553646
3.051 23.5374107
3.052 23.5192394
3.053 23.5008163
3.054 23.4821129
3.055 23.4631157
3.056 23.4437866
3.057 23.4241066
3.058 23.4040451
3.059 23.3835754
3.060 23.3626862
3.061 23.3413296
3.062 23.3194866
3.063 23.2971478
3.064 23.2742691
3.065 23.2508221
3.066 23.2268028
3.067 23.2021751
3.068 23.175848
3.069 23.1479034
3.070 23.1193295
3.071 23.0901299
3.072 23.0603218
3.073 23.0298977
3.074 22.9988976
3.075 22.9672985
3.076 22.9351349
3.077 22.902401
3.078 22.8691158
3.079 22.8352661
3.080 22.8008938
3.081 22.765995
3.082 22.730566
3.083 22.6946259
3.084 22.6581993
3.085 22.621254
3.086 22.583847
3.087 22.5450268
3.088 22.5050564
3.089 22.4646969
3.090 22.4239483
3.091 22.3828506
3.092 22.341444
3.093 22.2997723
3.094 22.2578468
3.095 22.2157421
3.096 22.1734505
3.097 22.1310349
3.098 22.0885048
3.099 22.0459137
3.100 22.0033016
3.101 21.9606781
3.102 21.9180908
3.103 21.8755684
3.104 21.833149
3.105 21.7908669
3.106 21.7490158
3.107 21.707737
3.108 21.6666698
3.109 21.6258583
3.110 21.5853043
3.111 21.5450249
3.112 21.5050735
3.113 21.4654579
3.114 21.4261818
3.115 21.387289
3.116 21.3488159
3.117 21.3107338
3.118 21.2731133
3.119 21.2359638
3.120 21.199295
3.121 21.1631279
3.122 21.127491
3.123 21.0924149
3.124 21.0579052
3.125 21.0240002
3.126 20.9926548
3.127 20.961895
3.128 20.9317513
3.129 20.9021873
3.130 20.8731995
3.131 20.8447952
3.132 20.8169289
3.133 20.7896347
3.134 20.7628632
3.135 20.7366409
3.136 20.7109261
3.137 20.6857357
3.138 20.6610508
3.139 20.6368561
3.140 20.6131516
3.141 20.5899353
3.142 20.5671844
3.143 20.5448875
3.144 20.5230484
3.145 20.5018806
3.146 20.4815807
3.147 20.461689
3.148 20.4421959
3.149 20.4230824
3.150 20.4043083
3.151 20.3858852
3.152 20.367775
3.153 20.3499641
3.154 20.3324413
3.155 20.3151779
3.156 20.2981682
3.157 20.2813702
3.158 20.2647915
3.159 20.2484093
3.160 20.2321892
3.161 20.2161331
3.162 20.2002106
3.163 20.1844025
3.164 20.168705
3.165 20.1527767
3.166 20.1365318
3.167 20.1203384
3.168 20.1042137
3.169 20.0881443
3.170 20.0721016
3.171 20.0561142
3.172 20.0401535
3.173 20.0242043
3.174 20.0082874
3.175 19.9923725
3.176 19.9764633
3.177 19.9605522
3.178 19.9446373
3.179 19.9286995
3.180 19.912735
3.181 19.8967457
3.182 19.8807182
3.183 19.8646488
3.184 19.8485317
3.185 19.8321438
3.186 19.8151512
3.187 19.7981129
3.188 19.781023
3.189 19.7638893
3.190 19.7467117
3.191 19.7294941
3.192 19.7122517
3.193 19.6949844
3.194 19.6776886
3.195 19.6603813
3.196 19.6430454
3.197 19.625721
3.198 19.6083736
3.199 19.5910339
3.200 19.5736961
3.201 19.556366
3.202 19.5390549
3.203 19.5217457
3.204 19.504467
3.205 19.4872131
3.206 19.4695358
3.207 19.451828
3.208 19.4341774
3.209 19.4165821
3.210 19.3990746
3.211 19.3816452
3.212 19.3643112
3.213 19.347084
3.214 19.3299847
3.215 19.3130188
3.216 19.2961807
3.217 19.2795086
3.218 19.2629986
3.219 19.2466583
3.220 19.2305107
3.221 19.2145634
3.222 19.198822
3.223 19.1832943
3.224 19.168005
3.225 19.1529541
3.226 19.1383953
3.227 19.1250992
3.228 19.1120529
3.229 19.0992489
3.230 19.0866909
3.231 19.0743599
3.232 19.062254
3.233 19.0503731
3.234 19.0387077
3.235 19.0272484
3.236 19.0159874
3.237 19.0049248
3.238 18.9940548
3.239 18.9833603
3.240 18.972847
3.241 18.9625053
3.242 18.9523239
3.243 18.9423046
3.244 18.9324379
3.245 18.9227123
3.246 18.9131279
3.247 18.9039154
3.248 18.8955269
3.249 18.8872528
3.250 18.8790588
3.251 18.8709354
3.252 18.8628654
3.253 18.8548222
3.254 18.8467941
3.255 18.8387623
3.256 18.8307076
3.257 18.8226128
3.258 18.8144588
3.259 18.8062286
3.260 18.7979012
3.261 18.7894592
3.262 18.7808914
3.263 18.772171
3.264 18.7632885
3.265 18.754221
3.266 18.7449512
3.267 18.7354679
3.268 18.7257195
3.269 18.7147675
3.270 18.7035656
3.271 18.6920967
3.272 18.6803665
3.273 18.6683693
3.274 18.6560936
3.275 18.6435356
3.276 18.6306992
3.277 18.6175747
3.278 18.6041584
3.279 18.5904465
3.280 18.576437
3.281 18.5621204
3.282 18.5474968
3.283 18.5325565
3.284 18.5173054
3.285 18.5017281
3.286 18.4858208
3.287 18.469595
3.288 18.4530296
3.289 18.4361248
3.290 18.4181271
3.291 18.3991089
3.292 18.3797588
3.293 18.3601151
3.294 18.3401756
3.295 18.3199558
3.296 18.2994728
3.297 18.2787399
3.298 18.2577648
3.299 18.2365742
3.300 18.2151756
3.301 18.193573
3.302 18.1717949
3.303 18.1498508
3.304 18.1277542
3.305 18.1055145
3.306 18.083149
3.307 18.060667
3.308 18.0380859
3.309 18.0154266
3.310 17.9926949
3.311 17.9698982
3.312 17.9471512
3.313 17.924408
3.314 17.901638
3.315 17.8788567
3.316 17.8560791
3.317 17.8333187
3.318 17.8105717
3.319 17.7878742
3.320 17.7652168
3.321 17.7426071
3.322 17.7200813
3.323 17.6976242
3.324 17.6752701
3.325 17.6530018
3.326 17.6308632
3.327 17.6088486
3.328 17.5869598
3.329 17.5652237
3.330 17.5436459
3.331 17.5222397
3.332 17.5010071
3.333 17.4799728
3.334 17.4597588
3.335 17.4400826
3.336 17.4206009
3.337 17.4013252
3.338 17.3822441
3.339 17.3633785
3.340 17.3447018
3.341 17.3262234
3.342 17.3079453
3.343 17.2898674
3.344 17.2719803
3.345 17.2542915
3.346 17.2367973
3.347 17.2195034
3.348 17.2023964
3.349 17.1854801
3.350 17.1687603
3.351 17.1522293
3.352 17.1358871
3.353 17.1197433
3.354 17.1037788
3.355 17.0880032
3.356 17.0726719
3.357 17.0581322
3.358 17.0437698
3.359 17.029562
3.360 17.0155067
3.361 17.0015907
3.362 16.9878044
3.363 16.9741364
3.364 16.9605675
3.365 16.9471035
3.366 16.9337273
3.367 16.9204197
3.368 16.907177
3.369 16.8939896
3.370 16.8808479
3.371 16.867733
3.372 16.8546467
3.373 16.841568
3.374 16.8284912
3.375 16.8154068
3.376 16.8023014
3.377 16.7891712
3.378 16.7759972
3.379 16.7624588
3.380 16.7486629
3.381 16.7348156
3.382 16.7209072
3.383 16.7069263
3.384 16.6928673
3.385 16.6787357
3.386 16.6645222
3.387 16.650219
3.388 16.6358376
3.389 16.6213512
3.390 16.6067696
3.391 16.5920925
3.392 16.5773048
3.393 16.5624065
3.394 16.5473938
3.395 16.5322647
3.396 16.5170135
3.397 16.5016346
3.398 16.4861221
3.399 16.4704819
3.400 16.4546967
3.401 16.4387779
3.402 16.4223557
3.403 16.4055843
3.404 16.3886757
3.405 16.3716202
3.406 16.3544273
3.407 16.3370972
3.408 16.3196335
3.409 16.3020382
3.410 16.2843132
3.411 16.2664623
3.412 16.2484856
3.413 16.230381
3.414 16.2121544
3.415 16.1938133
3.416 16.1753578
3.417 16.1567841
3.418 16.1380997
3.419 16.1193047
3.420 16.1004009
3.421 16.0813923
3.422 16.0622787
3.423 16.0430641
3.424 16.0237541
3.425 16.0042152
3.426 15.9843168
3.427 15.9643326
3.428 15.9442673
3.429 15.9241257
3.430 15.9039259
3.431 15.8836555
3.432 15.8633413
3.433 15.8429594
3.434 15.8225479
3.435 15.8020973
3.436 15.7816038
3.437 15.7610989
3.438 15.7405796
3.439 15.7200356
3.440 15.6994877
3.441 15.6789494
3.442 15.6584091
3.443 15.6378765
3.444 15.6173592
3.445 15.5968809
3.446 15.5764189
3.447 15.5559959
3.448 15.5356197
3.449 15.5155439
3.450 15.4956093
3.451 15.4757366
3.452 15.455924
3.453 15.4361496
3.454 15.4164534
3.455 15.3968048
3.456 15.377224
3.457 15.3577042
3.458 15.3382607
3.459 15.3188696
3.460 15.2995672
3.461 15.2803249
3.462 15.2611637
3.463 15.2420673
3.464 15.2230625
3.465 15.2041359
3.466 15.1852894
3.467 15.1665249
3.468 15.1478529
3.469 15.1292639
3.470 15.1107655
3.471 15.0923653
3.472 15.0740566
3.473 15.055891
3.474 15.0378361
3.475 15.019886
3.476 15.0020294
3.477 14.9842682
3.478 14.9666214
3.479 14.9490662
3.480 14.9316282
3.481 14.9142866
3.482 14.8970594
3.483 14.87994
3.484 14.8629303
3.485 14.846034
3.486 14.8292408
3.487 14.8125687
3.488 14.7960119
3.489 14.779563
3.490 14.763236
3.491 14.747036
3.492 14.7309437
3.493 14.7149763
3.494 14.6991301
3.495 14.6834068
3.496 14.6678104
3.497 14.6524353
3.498 14.637289
3.499 14.6222687
3.500 14.6073799
3.501 14.5926008
3.502 14.5779486
3.503 14.5634193
3.504 14.5490112
3.505 14.5347195
3.506 14.5205517
3.507 14.5064926
3.508 14.4925556
3.509 14.4787321
3.510 14.4650221
3.511 14.4514341
3.512 14.4379492
3.513 14.4245834
3.514 14.4113302
3.515 14.3981781
3.516 14.3851423
3.517 14.3722115
3.518 14.3593998
3.519 14.3466825
3.520 14.3340788
3.521 14.3215771
3.522 14.3093586
3.523 14.297266
3.524 14.2852745
3.525 14.2733746
3.526 14.2615719
3.527 14.2498608
3.528 14.2382383
3.529 14.2266998
3.530 14.2152481
3.531 14.2038755
3.532 14.1925755
3.533 14.1813498
3.534 14.1702023
3.535 14.1591206
3.536 14.1481085
3.537 14.1371574
3.538 14.1262655
3.539 14.1154318
3.540 14.1046591
3.541 14.0939436
3.542 14.0832672
3.543 14.0726433
3.544 14.0620689
3.545 14.0515327
3.546 14.0410423
3.547 14.030406
3.548 14.0197849
3.549 14.0092068
3.550 13.9986639
3.551 13.9881496
3.552 13.9776754
3.553 13.9672337
3.554 13.9568243
3.555 13.9464474
3.556 13.9361029
3.557 13.9257841
3.558 13.9154968
3.559 13.9052458
3.560 13.8950195
3.561 13.8848181
3.562 13.8746519
3.563 13.8645058
3.564 13.8543921
3.565 13.8442993
3.566 13.8342381
3.567 13.8241978
3.568 13.8141775
3.569 13.8041821
3.570 13.7942104
3.571 13.7842579
3.572 13.7744398
3.573 13.7647285
3.574 13.7550306
3.575 13.7453461
3.576 13.7356758
3.577 13.7260151
3.578 13.7163639
3.579 13.7067146
3.580 13.6970739
3.581 13.6874275
3.582 13.6777754
3.583 13.6681252
3.584 13.6584654
3.585 13.6487989
3.586 13.6391172
3.587 13.6294289
3.588 13.6197147
3.589 13.6099882
3.590 13.6002388
3.591 13.5904646
3.592 13.5806684
3.593 13.5708447
3.594 13.5609875
3.595 13.5511007
3.596 13.5411758
3.597 13.5312223
3.598 13.5210533
3.599 13.5108223
3.600 13.500555
3.601 13.4902411
3.602 13.4798908
3.603 13.4694958
3.604 13.4590626
3.605 13.4485807
3.606 13.4380608
3.607 13.427496
3.608 13.4168882
3.609 13.4062347
3.610 13.3955383
3.611 13.3847923
3.612 13.3740034
3.613 13.3631697
3.614 13.3522825
3.615 13.3413563
3.616 13.3303747
3.617 13.3193464
3.618 13.3082695
3.619 13.297142
3.620 13.2859688
3.621 13.2747421
3.622 13.2634659
3.623 13.252142
3.624 13.2405548
3.625 13.2288723
3.626 13.2171392
3.627 13.2053633
3.628 13.1935415
3.629 13.1816692
3.630 13.1697636
3.631 13.1578131
3.632 13.1458321
3.633 13.13381
3.634 13.1217499
3.635 13.109663
3.636 13.0975409
3.637 13.0853882
3.638 13.0732079
3.639 13.0610075
3.640 13.0487747
3.641 13.0365219
3.642 13.0242453
3.643 13.0119572
3.644 12.9996433
3.645 12.9873123
3.646 12.9749718
3.647 12.9626122
3.648 12.9502439
3.649 12.9378681
3.650 12.9255714
3.651 12.9134245
3.652 12.9012775
3.653 12.8891125
3.654 12.8769417
3.655 12.8647642
3.656 12.8525753
3.657 12.840373
3.658 12.8281593
3.659 12.8159389
3.660 12.8037014
3.661 12.7914524
3.662 12.7791977
3.663 12.7669201
3.664 12.7546301
3.665 12.7423277
3.666 12.7300129
3.667 12.7176771
3.668 12.7053242
3.669 12.6929607
3.670 12.6805744
3.671 12.66817
3.672 12.6557541
3.673 12.6433163
3.674 12.6308613
3.675 12.6183882
3.676 12.6058874
3.677 12.5932693
3.678 12.5805531
3.679 12.5678139
3.680 12.5550566
3.681 12.5422802
3.682 12.5294943
3.683 12.5166855
3.684 12.5038681
3.685 12.4910336
3.686 12.4781933
3.687 12.4653387
3.688 12.4524727
3.689 12.4396048
3.690 12.4267263
3.691 12.4138374
3.692 12.4009504
3.693 12.3880529
3.694 12.3751545
3.695 12.3622513
3.696 12.349349
3.697 12.3364439
3.698 12.3235397
3.699 12.3106403
3.700 12.29774
3.701 12.2848425
3.702 12.2719536
3.703 12.2590618
3.704 12.2462187
3.705 12.233469
3.706 12.2207212
3.707 12.2079868
3.708 12.1952553
3.709 12.1825285
3.710 12.1698103
3.711 12.1570997
3.712 12.1444016
3.713 12.1316986
3.714 12.1190128
3.715 12.1063299
3.716 12.0936499
3.717 12.0809813
3.718 12.0683174
3.719 12.0556593
3.720 12.0430126
3.721 12.0303679
3.722 12.0177326
3.723 12.0051031
3.724 11.9924812
3.725 11.9798641
3.726 11.9672537
3.727 11.9546528
3.728 11.9420624
3.729 11.9294662
3.730 11.9168892
3.731 11.9043159
3.732 11.8916273
3.733 11.8788872
3.734 11.8661594
3.735 11.8534384
3.736 11.8407278
3.737 11.8280363
3.738 11.8153563
3.739 11.8026915
3.740 11.790041
3.741 11.7774124
3.742 11.7648039
3.743 11.7522144
3.744 11.7396536
3.745 11.7271137
3.746 11.7145977
3.747 11.7021084
3.748 11.6896467
3.749 11.6772156
3.750 11.6648159
3.751 11.6524487
3.752 11.6401091
3.753 11.6278114
3.754 11.6155415
3.755 11.6033173
3.756 11.5911255
3.757 11.5789757
3.758 11.5668659
3.759 11.5547981
3.760 11.5428448
3.761 11.5309792
3.762 11.5191669
3.763 11.507391
3.764 11.4956665
3.765 11.4839773
3.766 11.4723463
3.767 11.4607573
3.768 11.449213
3.769 11.4377165
3.770 11.4262724
3.771 11.4148731
3.772 11.4035149
3.773 11.3922138
3.774 11.3809614
3.775 11.3697538
3.776 11.3585949
3.777 11.3474941
3.778 11.3364363
3.779 11.3254309
3.780 11.3144779
3.781 11.3035755
3.782 11.2927227
3.783 11.2819233
3.784 11.2711821
3.785 11.2604847
3.786 11.2498455
3.787 11.2392607
3.788 11.2287359
3.789 11.2183762
3.790 11.2080669
3.791 11.1978102
3.792 11.1876049
3.793 11.1774549
3.794 11.1673565
3.795 11.1573029
3.796 11.1473045
3.797 11.1373558
3.798 11.1274586
3.799 11.11761
3.800 11.10781
3.801 11.098052
3.802 11.0883503
3.803 11.0786877
3.804 11.0690794
3.805 11.0595083
3.806 11.0499868
3.807 11.040514
3.808 11.0310802
3.809 11.021698
3.810 11.0123558
3.811 11.0030499
3.812 10.9937973
3.813 10.98458
3.814 10.9754095
3.815 10.9662781
3.816 10.9571838
3.817 10.9481277
3.818 10.9390593
3.819 10.9300327
3.820 10.9210434
3.821 10.9121008
3.822 10.9031897
3.823 10.8943233
3.824 10.885498
3.825 10.8767071
3.826 10.8679581
3.827 10.8592491
3.828 10.8505783
3.829 10.8419523
3.830 10.8333607
3.831 10.8248081
3.832 10.8163013
3.833 10.8078232
3.834 10.7993889
3.835 10.7909985
3.836 10.7826414
3.837 10.7743263
3.838 10.7660475
3.839 10.7578125
3.840 10.7496099
3.841 10.7414465
3.842 10.7333298
3.843 10.7252426
3.844 10.7171936
3.845 10.7091894
3.846 10.7012234
3.847 10.6934843
3.848 10.6858168
3.849 10.6781836
3.850 10.6705847
3.851 10.6630192
3.852 10.6554852
3.853 10.647975
3.854 10.6404963
3.855 10.6330433
3.856 10.6256142
3.857 10.618206
3.858 10.6108189
3.859 10.6034575
3.860 10.5961094
3.861 10.5887775
3.862 10.581461
3.863 10.5741606
3.864 10.5668697
3.865 10.5595903
3.866 10.5523186
3.867 10.5450554
3.868 10.5377979
3.869 10.5305443
3.870 10.5232944
3.871 10.5160465
3.872 10.5087976
3.873 10.5015478
3.874 10.4942951
3.875 10.4870367
3.876 10.4797659
3.877 10.4722738
3.878 10.4647751
3.879 10.4572697
3.880 10.4497528
3.881 10.442234
3.882 10.4347038
3.883 10.4271708
3.884 10.4196291
3.885 10.412077
3.886 10.4045238
3.887 10.3969574
3.888 10.3893881
3.889 10.3818121
3.890 10.3742266
3.891 10.3666344
3.892 10.3590355
3.893 10.3514309
3.894 10.3438158
3.895 10.336195
3.896 10.3285713
3.897 10.3209362
3.898 10.3132973
3.899 10.3056507
3.900 10.2979908
3.901 10.2903347
3.902 10.2826662
3.903 10.2749901
3.904 10.2673082
3.905 10.2596197
3.906 10.2519274
3.907 10.2442408
3.908 10.2365589
3.909 10.2288742
3.910 10.2211752
3.911 10.2134733
3.912 10.2057629
3.913 10.1980438
3.914 10.1903191
3.915 10.1825809
3.916 10.17484
3.917 10.1670856
3.918 10.1593285
3.919 10.1515589
3.920 10.1437788
3.921 10.1359949
3.922 10.1281986
3.923 10.1203938
3.924 10.1125793
3.925 10.1047564
3.926 10.096921
3.927 10.0890789
3.928 10.0812263
3.929 10.0733624
3.930 10.0654831
3.931 10.0576
3.932 10.0497084
3.933 10.0417995
3.934 10.0338802
3.935 10.0259552
3.936 10.018013
3.937 10.0100641
3.938 10.0019941
3.939 9.9939146
3.940 9.98582077
3.941 9.97772026
3.942 9.96961021
3.943 9.96149063
3.944 9.95336342
3.945 9.94522667
3.946 9.93708134
3.947 9.92892838
3.948 9.92077255
3.949 9.91261101
3.950 9.90444374
3.951 9.89627266
3.952 9.88809586
3.953 9.87991142
3.954 9.8717289
3.955 9.86354256
3.956 9.85535336
3.957 9.84716129
3.958 9.83896923
3.959 9.83077145
3.960 9.82258034
3.961 9.81438732
3.962 9.80619431
3.963 9.79800034
3.964 9.78981209
3.965 9.78162479
3.966 9.77343845
3.967 9.76525688
3.968 9.75707817
3.969 9.74894142
3.970 9.74083138
3.971 9.73272705
3.972 9.72461891
3.973 9.71652222
3.974 9.70842838
3.975 9.70033646
3.976 9.69224834
3.977 9.68416977
3.978 9.67609787
3.979 9.66802406
3.980 9.65996456
3.981 9.65190315
3.982 9.64384937
3.983 9.63580513
3.984 9.62776184
3.985 9.61972809
3.986 9.61170006
3.987 9.6036768
3.988 9.59566212
3.989 9.58764744
3.990 9.57964516
3.991 9.5716486
3.992 9.56365967
3.993 9.55567837
3.994 9.54769993
3.995 9.53973198
3.996 9.53176975
3.997 9.52381802
3.998 9.51587105
3.999 9.50793266
4.000 9.5
